# callgrind format
version: 1
creator: callgrind-3.18.1
pid: 27723
cmd:  ./main
part: 1


desc: I1 cache: 
desc: D1 cache: 
desc: LL cache: 

desc: Timerange: Basic block 0 - 1166196
desc: Trigger: Program termination

positions: line
events: Ir
summary: 6367316


ob=(2) ???
fl=(51) ???
fn=(516) 0x0000000000109000
0 7

fn=(786) 0x000000000483f040
0 2
cob=(3) /usr/lib/x86_64-linux-gnu/libc.so.6
cfi=(189) ./stdlib/./stdlib/cxa_finalize.c
cfn=(760) __cxa_finalize
calls=1 30 
0 72

fn=(778) 0x000000000483f334
0 3
cob=(4) /usr/libexec/valgrind/vgpreload_core-amd64-linux.so
cfi=(145) ???
cfn=(780) 0x00000000000010e0
calls=1 0 
0 105
0 2

fn=(164) 0x0000000004002050
0 6
cob=(1) /usr/lib/x86_64-linux-gnu/ld-linux-x86-64.so.2
cfi=(52) ./elf/./elf/dl-error-skeleton.c
cfn=(166) _dl_catch_exception
calls=3 175 
0 9674

fn=(478) 0x000000000483f000
0 6
cob=(4)
cfi=(145)
cfn=(482) 0x0000000000001170
calls=1 0 
0 12
0 1
cob=(4)
cfi=(145)
cfn=(490) 0x00000000000012f0
calls=1 0 
0 5
0 2

fn=(578) 0x000000000487f600
0 6
cob=(3)
cfi=(165) ./string/../sysdeps/x86_64/multiarch/strchr-avx2.S
cfn=(580) __strchr_avx2
calls=3 51 
0 63

fn=(712) 0x000000000487f4d0
0 4004
cob=(3)
cfi=(165)
cfn=(714) __strchrnul_avx2
calls=2002 51 
0 38038

fn=(758) 0x00000000001091a0
0 1
cob=(3)
cfi=(189)
cfn=(760)
calls=1 30 
0 72

fn=(726) 0x000000000487f3e0
0 4002
cob=(3)
cfi=(178) ./string/../sysdeps/x86_64/multiarch/memmove-vec-unaligned-erms.S
cfn=(728) __mempcpy_avx_unaligned_erms
calls=2001 294 
0 36094

fn=(450) 0x000000000487f650
0 38
cob=(1)
cfi=(10) ./elf/./elf/dl-tunables.c
cfn=(24) __tunable_get_val
calls=19 402 
0 391
cob=(1)
cfi=(141) ./elf/../sysdeps/x86_64/dl-trampoline.h
cfn=(456) _dl_runtime_resolve_xsave
calls=1 67 
0 813
0 5

fn=(500) 0x000000000487f5f0
0 2
cob=(3)
cfi=(148) ./string/../sysdeps/x86_64/multiarch/strrchr-avx2.S
cfn=(502) __strrchr_avx2
calls=1 46 
0 34

fn=(532) 0x000000000487f380
0 10
cob=(3)
cfi=(154) ./malloc/./malloc/malloc.c
cfn=(534) malloc
calls=5 3287 
0 10022

fn=(664) 0x000000000487f620
0 3270
cob=(3)
cfi=(178)
cfn=(666) __memcpy_avx_unaligned_erms
calls=1635 307 
0 29615

fn=(160) 0x0000000004002080
0 2
cob=(1)
cfi=(52)
cfn=(162) _dl_catch_error
calls=1 225 
0 2782

fn=(606) 0x000000000487f670
0 2
cob=(3)
cfi=(170) ./string/../sysdeps/x86_64/multiarch/memset-vec-unaligned-erms.S
cfn=(608) __memset_avx2_unaligned_erms
calls=1 181 
0 32057

fn=(582) 0x000000000487f6d0
0 2
cob=(1)
cfi=(49) ./elf/./elf/dl-audit.c
cfn=(586) _dl_audit_preinit
calls=1 117 
0 5
cob=(1)
cfi=(141)
cfn=(456)
calls=1 67 
0 824
0 5

fn=(774) 0x000000000010abe0
0 4

ob=(3)
fl=(174) ./misc/../sysdeps/unix/sysv/linux/mmap64.c
fn=(636) mmap
47 2
+3 2
+8 4
+2 1

fl=(127) ./string/../sysdeps/x86_64/multiarch/rawmemchr.c
fn=(406) rawmemchr
31 1
fi=(123) ./string/../sysdeps/x86_64/multiarch/ifunc-evex.h
+4 5
-1 2
+2 3
+5 2
-3 2
+9 3
+3 4
fe=(127)
-19 1

fl=(160) ./libio/./libio/genops.c
fn=(564) _IO_link_in
87 42
+1 6
-1 18
+1 18
+18 60
-16 3
+2 9
-2 3
+2 3
+1 3
-1 9
cfi=(162) ./nptl/./nptl/libc-cleanup.c
cfn=(566) __libc_cleanup_push_defer
calls=3 -68 
* 30
+1 27
+2 3
-1 3
-1 6
+2 30
+5 3
-3 3
-2 6
+3 3
-1 3
+3 36
+1 3
+1 21
+1 6
cfi=(162)
cfn=(568) __libc_cleanup_pop_restore
calls=3 -64 
* 24
+3 3

fn=(800) _IO_cleanup
863 2
+3 1
-3 9
-77 1
+80 1
cfn=(802) _IO_flush_all_lockp
calls=1 686 
* 317
-80 2
+80 1
-80 3
cfi=(162)
cfn=(566)
calls=1 24 
* 10
+1 9
+3 1
-3 2
+3 2
fi=(179) ./libio/./libio/libioP.h
940 4
fe=(160)
838 6
-48 18
+9 18
+2 15
+6 26
+8 10
+9 2
fi=(179)
942 4
+1 4
fe=(160)
824 8
cfi=(161) ./libio/./libio/fileops.c
cfn=(814) _IO_file_setbuf@@GLIBC_2.2.5
calls=2 381 
* 166
+2 6
+4 10
+1 16
+11 9
+1 2
cfi=(162)
cfn=(568)
calls=1 39 
* 8
+35 12
-59 2
-2 2
+3 2
-3 2
+2 6

fn=(816) _IO_default_setbuf
452 4
fi=(179)
940 2
fe=(160)
452 4
fi=(179)
940 2
fe=(160)
452 2
fi=(179)
940 2
fe=(160)
452 8
+1 2
fi=(179)
942 4
+1 4
fe=(160)
453 4
cfi=(161)
cfn=(818) _IO_file_sync@@GLIBC_2.2.5
calls=2 792 
* 36
* 4
+4 2
330 2
462 2
-7 4
332 4
+5 2
-5 2
+5 2
467 2
332 2
466 8
+2 12
-11 2
+1 4
-1 2
330 8

fn=(558) _IO_no_init
563 30
+1 3
cfn=(560) _IO_old_init
calls=3 -33 
* 75
+1 3
+1 6
+2 3
+4 3
+7 3
+2 3
-9 15
+15 3
+1 18

fn=(642) _IO_sgetn
409 2
fi=(179)
940 3
fe=(160)
409 1
+2 1
fi=(179)
942 2
+1 2
fe=(160)
411 1
+1 2
-1 1
cfi=(161)
cfn=(644) _IO_file_xsgetn
calls=1 1272 
* 936

fn=(652) _IO_setb
329 18
+1 8
+5 4
-3 2
+3 8
+3 8

fn=(658) __underflow
269 5
+1 4
+5 3
+3 1
173 1
278 2
+2 2
+6 2
+7 1
fi=(179)
940 3
+2 2
+1 2
fe=(160)
293 1
+1 1
-1 1
+1 2
-1 1
cfi=(161)
cfn=(660) _IO_file_underflow@@GLIBC_2.2.5
calls=1 461 
* 99
-2 3

fn=(662) _IO_switch_to_get_mode
164 5
+1 3
+3 3
+4 2
+1 2
+7 1
-4 1
+4 1
-2 2
+3 1
+1 4

fn=(560)
531 3
+3 3
-2 3
+2 3
+5 3
-7 3
+2 3
+10 3
-10 3
+16 3
-11 3
-5 3
+16 3
-16 3
+21 3
-16 15
+16 6
+1 6
+2 3

fn=(646) _IO_doallocbuf
343 2
+1 4
-1 6
+3 8
+1 2
fi=(179)
940 6
+2 4
+1 4
fe=(160)
347 4
cfi=(176) ./libio/./libio/filedoalloc.c
cfn=(648) _IO_file_doallocate
calls=2 78 
* 7961
* 4
+3 8

fn=(724) _IO_default_xsputn
371 1
+3 2
-3 8
fi=(179)
940 1
fe=(160)
371 1
fi=(179)
940 1
fe=(160)
371 1
fi=(179)
940 1
fe=(160)
371 2
+18 2
+8 1
+2 2
-20 4
+2 3
+3 2
+20 1
-29 1
+29 7
-11 8
+1 4
-1 2
+1 2
-1 4

fn=(802)
686 12
+5 6
cfi=(162)
cfn=(566)
calls=1 24 
* 10
+1 9
+3 1
-8 1
+5 2
+3 2
fi=(179)
940 4
fe=(160)
706 1
fi=(179)
942 2
+1 2
fe=(160)
706 3
cfi=(161)
cfn=(720) _IO_file_overflow@@GLIBC_2.2.5
calls=1 +25 
* 133
+1 3
+2 12
+2 6
-16 18
+2 6
+1 12
+3 41
+14 9
+1 2
cfi=(162)
cfn=(568)
calls=1 39 
* 8
+4 12

fl=(190) ./posix/./posix/register-atfork.c
fn=(762) __unregister_atfork
76 4
+1 2
-1 2
+1 6
fi=(191) ./posix/../malloc/dynarray-skeleton.c
243 2
fe=(190)
65 4
+38 8
+1 4

fl=(117) ./string/../sysdeps/x86_64/multiarch/strlen.c
fn=(378) strlen
29 2
fi=(83) ./string/../sysdeps/x86_64/multiarch/ifunc-avx2.h
+4 10
-1 4
+2 6
+2 4
+4 6
+3 8
fe=(117)
-14 2

fl=(138) ./resource/../sysdeps/unix/sysv/linux/getrlimit64.c
fn=(444) getrlimit
38 2
+1 7
+1 1

fl=(99) ./string/../sysdeps/x86_64/multiarch/stpncpy.c
fn=(334) stpncpy
31 1
fi=(100) ./string/../sysdeps/x86_64/multiarch/ifunc-strcpy.h
+5 2
+1 1
-1 2
+1 2
+2 2
+4 3
+3 3
fe=(99)
-15 1

fl=(161)
fn=(716) _IO_file_xsputn@@GLIBC_2.2.5
1197 15015
+7 3003
-7 9009
+6 10010
+9 4004
-2 8008
+17 6006
+1 2001
+3 6003
+2 2001
+2 2001
+2 4002
-2 2001
+1 2001
+1 2001
-2 2001
cob=(2)
cfi=(51)
cfn=(726)
calls=2001 0 
* 40096
* 2001
+4 4002
+28 27027
-36 1
+12 1
fi=(179)
940 3
+2 2
+1 2
fe=(161)
1243 3
cfn=(720)
calls=1 731 
* 7763
* 2
+6 2
+1 7
+2 2
+11 3
+1 4
cfi=(160)
cfn=(724)
calls=1 371 
* 61
+2 3

fn=(814)
381 6
+1 2
cfi=(160)
cfn=(816)
calls=2 +70 
* 138
* 4
+3 2
+4 4
-2 6
+3 4

fn=(562) _IO_new_file_init_internal
106 3
+5 3
-5 6
+4 3
+3 3
cfi=(160)
cfn=(564)
calls=3 -26 
* 312
+1 3
+1 6

fn=(654) _IO_file_read
1130 2
+1 2
+2 2
-1 2
+1 4
cfi=(177) ./io/../sysdeps/unix/sysv/linux/read.c
cfn=(656) read
calls=2 25 
* 16

fn=(720)
731 10
+1 8
+7 8
+37 1
-2 4
-32 2
+12 2
+9 3
+5 3
+2 2
-3 2
+3 1
+1 1
-6 1
+1 1
+5 4
+16 2
-12 2
+1 2
+11 4
-12 2
cfn=(722) _IO_do_write@@GLIBC_2.2.5
calls=2 423 
* 115
-31 2
cfi=(160)
cfn=(646)
calls=1 343 
* 7707
+1 1
+9 1
-9 5

fn=(644)
1272 10
+7 1
-7 1
+7 1
+11 1
fi=(179)
940 3
fe=(161)
1290 4
+2 3
+1 2
-1 6
+1 4
+8 4
+8 4
+9 6
+1 8
+18 2
+1 6
+3 3
fi=(179)
942 1
fe=(161)
1329 1
fi=(179)
942 1
fe=(161)
1329 2
fi=(179)
943 2
fe=(161)
1341 3
cfn=(654)
calls=1 1130 
* 14
+1 2
+12 1
-2 1
+1 1
+1 2
-64 2
+5 3
cob=(2)
cfi=(51)
cfn=(664)
calls=1 0 
* 367
+1 3
+25 2
cfi=(160)
cfn=(658)
calls=1 269 
* 136
* 2
+39 9
-78 3
+5 2
cfi=(160)
cfn=(646)
calls=1 343 
* 306
* 1

fn=(570) _IO_file_fopen@@GLIBC_2.2.5
213 33
+9 6
+2 22
356 36
224 6
+23 35
+33 4
cfn=(572) _IO_file_open
calls=1 -98 
* 91
* 8
cfn=(572)
calls=2 -98 
* 188
* 3
+3 6
+3 9
cfi=(164) ./string/../string/strstr.c
cfn=(576) __GI_strstr
calls=3 77 
* 171
* 3
+1 6
-40 4
-19 1
-1 1
-13 2

fn=(572)
182 6
+3 3
-3 21
+2 6
+4 3
cfi=(163) ./io/../sysdeps/unix/sysv/linux/open64.c
cfn=(574) open
calls=3 30 
* 108
* 3
+1 6
+3 6
+3 3
-4 3
+1 12
+3 6
+10 6
cfi=(160)
cfn=(564)
calls=3 87 
* 72
+1 3
+1 12

fn=(660)
461 1
+4 3
-4 8
+7 2
+6 3
+3 2
+12 2
+9 2
fi=(179)
940 1
+2 1
-2 1
fe=(161)
505 2
cfi=(160)
cfn=(662)
calls=1 164 
* 25
+6 1
+5 1
-5 1
fi=(179)
942 2
fe=(161)
511 1
fi=(179)
942 1
fe=(161)
511 3
fi=(179)
943 2
fe=(161)
516 4
cfn=(654)
calls=1 1130 
* 14
+2 2
+16 1
-9 1
+9 2
+2 2
+1 8

fn=(808) _IO_file_write@@GLIBC_2.2.5
1173 7
+2 6
+5 1
cfi=(192) ./io/../sysdeps/unix/sysv/linux/write.c
cfn=(810) write
calls=1 25 
* 9
+1 2
+5 1
+1 1
-12 2
+4 3
+1 2
+10 3
+3 6
-4 3

fn=(818)
792 10
+5 8
+2 2
+1 4
+11 4
+4 8

fn=(650) _IO_file_stat
1146 2
+1 4
cfi=(172) ./io/../sysdeps/unix/sysv/linux/fstat64.c
cfn=(624) fstat
calls=2 29 
* 30

fn=(722)
423 2
+2 6
+1 1
-3 1
fi=(179)
940 1
fe=(161)
423 2
fi=(179)
940 1
fe=(161)
423 1
fi=(179)
940 2
fe=(161)
423 5
+20 1
-10 2
+7 4
fi=(179)
942 2
+1 2
fe=(161)
448 4
cfn=(808)
calls=1 1173 
* 46
* 1
+1 5
+2 1
+4 2
-3 2
-1 2
+4 3
-2 1
-28 4
+1 8
+28 3

fl=(192)
fn=(810)
25 1
+1 7
+1 1

fl=(126) ./string/../sysdeps/x86_64/multiarch/strncase.c
fn=(404) strncasecmp
31 1
fi=(194) ./string/../sysdeps/x86_64/multiarch/ifunc-strcasecmp.h
+1 5
fe=(126)
-1 1

fl=(101) ./wcsmbs/../sysdeps/x86_64/multiarch/wmemchr.c
fn=(338) wmemchr
31 2
fi=(102) ./wcsmbs/../sysdeps/x86_64/multiarch/ifunc-evex.h
+4 10
-1 4
+2 6
+5 4
-3 4
+9 6
+3 8
fe=(101)
-19 2

fl=(90) ./wcsmbs/../sysdeps/x86_64/multiarch/wcslen.c
fn=(308) wcslen
29 1
fi=(87) ./wcsmbs/../sysdeps/x86_64/multiarch/ifunc-wcslen.h
+5 4
-1 2
+2 3
+2 2
+4 3
+3 3
fe=(90)
-15 1

fl=(105) ./string/../sysdeps/x86_64/multiarch/strcspn.c
fn=(346) strcspn
29 1
fi=(195) ./string/../sysdeps/x86_64/multiarch/ifunc-sse4_2.h
+1 5
fe=(105)
-1 1

fl=(124) ./string/../sysdeps/x86_64/multiarch/strspn.c
fn=(398) strspn
29 1
fi=(195)
+1 5
fe=(124)
-1 1

fl=(193) ./posix/../sysdeps/unix/sysv/linux/_exit.c
fn=(820) _Exit
27 2
+3 1
+1 2

fl=(187) ./nptl/./nptl/pthread_mutex_lock.c
fn=(748) pthread_mutex_lock@@GLIBC_2.2.5
77 1
+3 3
+2 1
+2 2
-7 2
+11 2
+79 1
+3 1
+2 1
+3 1
+2 1
+1 3
-81 2
+11 4
+4 1
+3 2
-71 1
+1 8
+1 1
+84 3
+1 2

fl=(118) ./string/../sysdeps/x86_64/multiarch/strncpy.c
fn=(382) strncpy
29 1
fi=(100)
+7 2
+1 1
-1 2
+1 2
+2 2
+4 3
+3 3
fe=(118)
-17 1

fl=(177)
fn=(656)
25 2
+1 12
+1 2

fl=(84) ./string/../sysdeps/x86_64/multiarch/strpbrk.c
fn=(296) strpbrk
29 1
fi=(195)
+1 5
fe=(84)
-1 1

fl=(106) ./wcsmbs/../sysdeps/x86_64/multiarch/wcscpy.c
fn=(348) wcscpy
43 1
-6 5
+6 1

fl=(171) ./libio/./libio/fileno.c
fn=(620) fileno
32 1
+3 5
+7 1

fl=(119) ./wcsmbs/../sysdeps/x86_64/multiarch/wmemcmp.c
fn=(386) wmemcmp
29 1
fi=(120) ./wcsmbs/../sysdeps/x86_64/multiarch/ifunc-memcmp.h
+5 2
+1 1
-1 2
+1 2
+1 2
+1 3
+2 2
+4 3
+3 3
fe=(119)
-17 1

fl=(173) ./io/../sysdeps/unix/sysv/linux/fstatat64.c
fn=(626) fstatat
153 6
-55 6
+70 9
+1 3

fl=(172)
fn=(624)
29 6
+1 6
+5 9
cfi=(173)
cfn=(626)
calls=3 153 
* 24

fl=(165)
fn=(580)
51 3
+2 3
+1 3
+1 3
+1 3
+1 3
+3 3
+1 3
+4 3
+1 3
+1 3
+1 3
+1 3
+1 3
+1 3
+1 3
+3 3
+1 3
+23 3
+1 6

fn=(714)
51 2002
+2 2002
+1 2002
+1 2002
+1 2002
+1 2002
+3 2002
+1 2002
+4 2002
+1 2002
+1 2002
+1 2002
+1 2002
+1 2002
+1 2002
+1 2002
+6 2002
+1 4004

fl=(168) ./setjmp/../sysdeps/x86_64/setjmp.S
fn=(592) __sigsetjmp
30 1
+2 1
+9 1
+1 2
+1 1
+4 1
+1 1
+1 1
+1 1
+1 1
+2 2
+2 1
+1 1
+1 1
+2 2
+2 1
+5 1
+1 1
+17 1
cfi=(169) ./setjmp/./setjmp/sigjmp.c
cfn=(594) __sigjmp_save
calls=1 -56 
* 9

fl=(176)
fn=(648)
78 18
+6 8
fi=(179)
940 6
+2 4
+1 4
fe=(176)
84 6
cfi=(161)
cfn=(650)
calls=2 1146 
* 36
* 4
+2 8
+11 8
+4 4
cob=(2)
cfi=(51)
cfn=(532)
calls=2 0 
* 7775
* 2
+1 4
+2 8
cfi=(160)
cfn=(652)
calls=2 329 
* 48
+1 2
+1 16

fl=(93) ./wcsmbs/../sysdeps/x86_64/multiarch/wcschr.c
fn=(316) wcschr
31 2
fi=(94) ./wcsmbs/../sysdeps/x86_64/multiarch/ifunc-avx2.h
+2 10
-1 4
+2 6
+2 4
+4 6
+3 8
fe=(93)
-12 2

fl=(158) ./misc/./misc/sbrk.c
fn=(554) sbrk
37 8
+6 4
-6 4
+3 4
-3 8
+3 4
+3 4
+20 1
+15 20
-20 8
+1 2
cfi=(159) ./misc/../sysdeps/unix/sysv/linux/brk.c
cfn=(556) brk
calls=1 -24 
* 9
* 2
+4 1
-1 8
+4 12
+8 3
cfi=(159)
cfn=(556)
calls=3 -39 
* 27
* 6

fl=(170)
fn=(608)
181 1
+1 3
+5 1
+1 1
+1 1
+1 1
+69 1
+1 1
+88 1
+1 1
+1 1
+1 32041
+1 1
+1 2

fl=(184) ./stdlib/./stdlib/exit.c
fn=(742) __run_exit_handlers
40 11
+5 2
+3 5
+50 1
-42 1
+2 3
+8 6
+2 1
+3 1
-3 1
+3 6
+34 1
+1 1
+1 1
-2 1
+7 1
-3 2
+3 3
+1 3
cob=(1)
cfi=(186) ./elf/./elf/dl-fini.c
cfn=(746) _dl_fini
calls=1 -82 
* 896
+1 4
+10 2
+1 2
-63 1
+69 4
+2 2
+1 6
cfi=(160)
cfn=(800)
calls=1 863 
* 719
* 3
+2 2
cfi=(193)
cfn=(820)
calls=1 27 
* 5
-90 1
cfi=(185) ./stdlib/./stdlib/cxa_thread_atexit_impl.c
cfn=(744) __call_tls_dtors
calls=1 149 
* 12
* 1

fn=(740) exit
142 3
+1 3
-1 1
+1 1
cfn=(742)
calls=1 40 
* 1711

fl=(88) ./string/../sysdeps/x86_64/multiarch/memset.c
fn=(304) memset
29 1
fi=(89) ./string/../sysdeps/x86_64/multiarch/ifunc-memset.h
+21 5
+3 3
+7 2
+9 2
+2 2
+10 2
+8 2
+2 5
fe=(88)

fl=(96) ./string/../sysdeps/x86_64/multiarch/strrchr.c
fn=(322) rindex
28 1
fi=(83)
+5 5
-1 2
+2 3
+2 2
+4 3
+3 4
fe=(96)
-15 1

fl=(149) ./libio/./libio/vtables.c
fn=(504) check_stdfiles_vtables
83 1
+1 4
+1 3
+1 3
+2 1

fl=(109) ./string/../sysdeps/x86_64/multiarch/memcmp.c
fn=(356) bcmp
29 1
fi=(110) ./string/../sysdeps/x86_64/multiarch/ifunc-memcmp.h
+5 2
+1 1
-1 2
+1 2
+1 2
+1 3
+2 2
+4 3
+3 3
fe=(109)
-17 1

fl=(121) ./string/../sysdeps/x86_64/multiarch/stpcpy.c
fn=(390) stpcpy
33 1
fi=(100)
+3 2
+1 1
-1 2
+1 2
+2 2
+4 3
+3 3
fe=(121)
-13 1

fl=(95) ./string/../sysdeps/x86_64/multiarch/strchr.c
fn=(320) index
61 1
-20 2
+1 1
-1 2
-1 2
+2 2
+2 2
+4 3
+3 3
+10 1

fl=(115) ./string/../sysdeps/x86_64/multiarch/strcpy.c
fn=(372) strcpy
29 1
fi=(100)
+7 2
+1 1
-1 2
+1 2
+2 2
+4 3
+3 3
fe=(115)
-17 1

fl=(122) ./string/../sysdeps/x86_64/multiarch/memchr.c
fn=(394) memchr
29 1
fi=(123)
+6 5
-1 2
+2 3
+5 2
-3 2
+9 3
+3 4
fe=(122)
-21 1

fl=(183) ./stdio-common/./stdio-common/_itoa.c
fn=(718) _itoa_word
163 2002
+3 4004
+2 2002
+9 16548
+9 2002

fl=(180) ./string/../sysdeps/x86_64/multiarch/strcmp-avx2.S
fn=(702) __strcmp_avx2
83 18316
+23 18316
+1 18316
+2 18316
+1 18316
+1 18316
+1 18316
+1 18316
+2 15208
+1 15208
+1 15208
+1 15208
+1 15208
+1 15208
+1 15208
+1 15208
+18 15208
+1 15208
+1 15208
+3 30416
718 3108
+1 3108
+4 3108
+11 3108
+1 3108
+1 3108
+2 6216
+10 3108
+1 3108
+2 3108
+1 3108
+1 3108
+1 3108
+1 3108
+1 3108
+1 3108

fl=(97) ./string/../sysdeps/x86_64/multiarch/memmove.c
fn=(326) memmove
29 2
fi=(92) ./string/../sysdeps/x86_64/multiarch/ifunc-memmove.h
+24 6
-1 4
+4 6
+14 4
+2 4
+8 4
+8 4
+2 10
fe=(97)

fl=(185)
fn=(744)
149 4
+1 4
+18 4

fl=(82) ./string/../sysdeps/x86_64/multiarch/strnlen.c
fn=(292) strnlen
31 2
fi=(83)
+2 10
-1 4
+2 6
+2 4
+4 6
+3 8
fe=(82)
-12 2

fl=(111) ./wcsmbs/../sysdeps/x86_64/multiarch/wmemset.c
fn=(360) wmemset
31 2
fi=(112) ./wcsmbs/../sysdeps/x86_64/multiarch/ifunc-wmemset.h
+2 10
+1 6
+2 4
+8 6
+3 8
fe=(111)
-16 2

fl=(116) ./string/../sysdeps/x86_64/multiarch/strcasecmp_l.c
fn=(376) strcasecmp_l
31 1
fi=(194)
+1 5
fe=(116)
-1 1

fl=(156) ./stdlib/../sysdeps/unix/sysv/linux/getrandom.c
fn=(540) getrandom
28 1
+1 7
+1 1

fl=(151) ./csu/../csu/libc-start.c
fn=(510) __libc_start_main@@GLIBC_2.34
242 12
343 3
+1 3
cfi=(152) ./stdlib/./stdlib/cxa_atexit.c
cfn=(512) __cxa_atexit
calls=1 69 
* 71
+25 6
+6 2
-3 2
+10 2
cob=(2)
cfi=(51)
cfn=(582)
calls=1 0 
* 836
+2 2
+8 4
cfi=(166) ./csu/../sysdeps/nptl/libc_start_call_main.h
cfn=(588) (below main)
calls=1 29 
* 6190009
128 2
+6 3
+1 6
cob=(2)
cfi=(51)
cfn=(516)
calls=1 0 
* 7
* 1
+3 1
+1 2
+3 2
+1 2
-1 1
+2 9
+1 4
cob=(5) /HDD/Users/kvv20/Documents/DED_PRJs/ASM_PRJs/HashTable/main
cfi=(150) ???
cfn=(526) _GLOBAL__sub_I_FileListDumpName
calls=1 0 
* 2233
* 4
cob=(5)
cfi=(150)
cfn=(520) 0x00000000000013b0
calls=1 0 
* 12
-1 7

fl=(91) ./string/../sysdeps/x86_64/multiarch/memcpy.c
fn=(312) memcpy@@GLIBC_2.14
29 1
fi=(92)
+24 3
-1 2
+4 3
+14 2
+2 2
+8 2
+8 2
+2 5
fe=(91)

fl=(163)
fn=(574)
30 6
+3 3
-3 24
+3 10
+8 30
+2 21
-7 4
+1 2
-1 6
+2 2

fl=(137) ./ctype/./ctype/ctype-info.c
fn=(442) __ctype_init
29 1
+2 7
+2 4
+2 4
+1 1

fl=(182) ./stdio-common/./stdio-common/vfprintf-internal.c
fn=(710) __vfprintf_internal
1180 12012
+30 5005
+8 3004
+4 5005
+11 2002
+11 1001
fi=(196) ./stdio-common/./stdio-common/printf-parse.h
111 2002
fe=(182)
1244 5005
fi=(196)
111 1001
cob=(2)
cfi=(51)
cfn=(712)
calls=1001 0 
* 21021
fe=(182)
1259 1001
fi=(196)
111 1001
fe=(182)
1259 3003
239 1001
fi=(197) ./stdio-common/../libio/libioP.h
940 1001
fe=(182)
1263 1001
fi=(197)
942 1001
-2 1001
fe=(182)
1263 1001
fi=(197)
940 2002
+2 2002
+1 2002
fe=(182)
239 4004
cfi=(161)
cfn=(716)
calls=1001 1197 
* 20020
* 2002
127 9009
1263 2002
+4 3003
+4 8008
1532 1001
1214 1001
+34 1001
-8 1001
1532 3003
+23 1001
-39 1001
+39 1001
-39 1001
+39 2002
1313 15015
+39 1001
-51 1001
-1 1001
-1 1001
-1 1001
+5 1001
1501 1001
fi=(196)
88 1001
fe=(182)
1352 1001
-46 1001
-4 1001
+50 1001
1501 1001
1295 1001
-1 1001
-1 1001
-1 1001
-1 1001
+16 2002
1608 2002
+1 2002
+3 12012
-4 9009
1218 2000
+41 4004
cfi=(162)
cfn=(566)
calls=1001 24 
* 10010
+1 13013
-1 2002
1609 2002
cfi=(162)
cfn=(568)
calls=1001 39 
* 8008
+2 1001
-95 13013
cfi=(183)
cfn=(718)
calls=1001 163 
* 26558
* 31007
192 2002
+47 1001
fi=(197)
942 3003
+1 2002
fe=(182)
239 4004
cfi=(161)
cfn=(716)
calls=1001 1197 
* 73966
* 2002
127 13013
1517 2002
-54 1001
+53 2002
+73 1001
fi=(196)
111 1001
fe=(182)
1583 1001
fi=(196)
111 2002
cob=(2)
cfi=(51)
cfn=(712)
calls=1001 0 
* 21021
fe=(182)
239 1001
fi=(197)
942 1001
fe=(182)
1593 1001
fi=(196)
111 1001
fi=(197)
942 1001
fe=(182)
1593 1001
fi=(197)
942 1001
+1 2002
fe=(182)
239 4004
cfi=(161)
cfn=(716)
calls=1001 1197 
* 66066
* 2002
127 13013
1593 2002
+2 3003
-79 19992
192 2002
1392 2002
1516 20044

fl=(103) ./string/../sysdeps/x86_64/multiarch/strncmp.c
fn=(342) strncmp
66 1
-25 4
+1 3
+2 2
+5 3
+3 3
+14 1

fl=(153) ./libio/./libio/iofopen.c
fn=(530) fopen@@GLIBC_2.2.5
85 18
-20 3
+20 6
-20 3
cob=(2)
cfi=(51)
cfn=(532)
calls=3 -65 
* 2257
+2 9
+3 3
+2 6
-2 3
+2 15
cfi=(160)
cfn=(558)
calls=3 563 
* 165
+1 3
+1 3
-1 3
+1 3
cfi=(161)
cfn=(562)
calls=3 +32 
* 339
+1 15
cfi=(161)
cfn=(570)
calls=3 213 
* 635
* 6
-38 6
+50 21

fl=(113) ./string/../sysdeps/x86_64/multiarch/memrchr.c
fn=(364) memrchr
29 1
fi=(83)
+4 5
-1 2
+2 3
+2 2
+4 3
+3 4
fe=(113)
-14 1

fl=(189)
fn=(760)
30 4
+3 4
-3 14
+3 8
+3 6
+4 12
-4 6
+58 8
+4 12
-4 6
+11 4
+1 4
cfi=(190)
cfn=(762)
calls=2 -30 
* 32
+1 8
+1 16

fl=(125) ./string/../sysdeps/x86_64/multiarch/mempcpy.c
fn=(400) mempcpy
33 1
fi=(92)
+20 3
-1 2
+4 3
+14 2
+2 2
+8 2
+8 2
+2 5
fe=(125)

fl=(159)
fn=(556)
35 4
+1 16
+1 8
+6 4
+1 4

fl=(114) ./string/../sysdeps/x86_64/multiarch/strchrnul.c
fn=(368) strchrnul
31 1
fi=(83)
+2 5
-1 2
+2 3
+2 2
+4 3
+3 4
fe=(114)
-12 1

fl=(85) ./string/../sysdeps/x86_64/multiarch/strcmp.c
fn=(298) strcmp
65 2
-24 4
+1 2
-1 4
+1 4
+2 4
+5 6
+3 6
+13 2

fl=(107) ./string/../sysdeps/x86_64/multiarch/strcat.c
fn=(350) strcat
29 1
fi=(100)
+7 2
+1 1
-1 2
+1 2
+2 2
+4 3
+3 3
fe=(107)
-17 1

fl=(169)
fn=(594)
28 3
+2 2
-1 1
+5 3

fl=(188) ./nptl/./nptl/pthread_mutex_unlock.c
fn=(750) pthread_mutex_unlock@@GLIBC_2.2.5
367 1
51 3
+1 2
367 1
57 2
+8 1
-3 1
-23 1
+1 2
+30 1
369 2
40 3
+1 2
+33 2
+6 4
+4 3
+3 3

fl=(147) ./misc/./misc/init-misc.c
fn=(498) __init_misc
30 1
+1 2
-1 4
+1 3
+2 3
cob=(2)
cfi=(51)
cfn=(500)
calls=1 -33 
* 36
+4 5
+1 3
+2 4

fl=(80) ./string/../sysdeps/x86/cacheinfo.c
fn=(288) __x86_cacheinfo
86 1
fi=(81) ./string/../sysdeps/x86/cacheinfo.h
-25 1
+3 3
+2 1
+1 1
-1 2
+7 3
+2 1
+1 1
-1 2
+5 2
+2 2
+1 2
+1 2
+2 2
fe=(80)
* 2

fl=(146) ./csu/./csu/init-first.c
fn=(496) _init_first
46 4
+5 2
+4 5
+8 1
-2 1
+10 1
-9 1
+1 1
+9 2
-1 1
cfi=(147)
cfn=(498)
calls=1 -41 
* 61

fl=(108) ./string/../sysdeps/x86_64/multiarch/strncase_l.c
fn=(354) strncasecmp_l
31 1
fi=(194)
+1 5
fe=(108)
-1 1

fl=(136) ./elf/./elf/libc_early_init.c
fn=(440) __libc_early_init
33 7
+2 1
cfi=(137)
cfn=(442)
calls=1 -6 
* 17
+3 1
fi=(139) ./elf/../sysdeps/nptl/pthread_early_init.h
-5 2
fe=(136)
+8 1
-3 1
fi=(139)
-5 1
cfi=(138)
cfn=(444)
calls=1 +5 
* 10
* 3
+1 6
+11 1
fi=(198) ./elf/../nptl/nptl-stack.h
+13 3
fi=(139)
-13 1
fi=(198)
+13 2
fi=(139)
-4 1
fi=(198)
+4 2
fi=(139)
-6 1
fi=(198)
+6 1
fi=(139)
-12 1
+6 6
+1 1
+4 1
cfi=(140) ./nptl/./nptl/pthread_mutex_conf.c
cfn=(448) __pthread_tunables_init
calls=1 -7 
* 884
fe=(136)
-10 3
+2 2
-2 1
cfi=(143) ./nptl/../sysdeps/unix/sysv/linux/x86/elision-conf.c
cfn=(462) __lll_elision_init
calls=1 +49 
* 147

fl=(154)
fn=(634) sysmalloc_mmap.constprop.0
2420 3
+13 3
+5 2
+3 9
cfi=(174)
cfn=(636)
calls=1 47 
* 9
* 1
+3 2
+4 2
2028 4
2466 3
+19 1
-1 1
+5 1
-4 2
+4 2
+1 5
+3 3
+1 5
+5 5

fn=(602) calloc
3624 2004
+10 1002
-10 4008
+10 8016
+8 2004
+3 3006
+2 3006
+32 3006
cfn=(546) _int_malloc
calls=1002 1343 
* 141287
+2 5010
fi=(155) ./malloc/./malloc/arena.c
162 3006
fe=(154)
3681 2004
+3 3006
+14 2004
+11 1002
+5 1002
-2 2004
+50 6006
-53 1002
+12 4008
-20 4008
+31 1002
+2 2004
+2 2004
+5 1001
+2 1001
-2 1001
+3 2002
+2 1001
+2 2002
+2 1001
+2 2002
-95 1002
+1 3006
+7 1002
+97 1
-25 2
+25 4
-25 1
cob=(2)
cfi=(51)
cfn=(606)
calls=1 0 
* 32059

fn=(690) _int_free
4421 21456
+10 2682
-10 8046
+10 5364
+6 13410
+1 5364
+4 10728
+8 13410
-1 5364
+1 5364
+29 2680
-20 2680
-6 2680
+6 5360
+20 10720
+14 5216
+11 6900
+2 5175
2012 5175
4527 1725
+1 1725
+4 5175
+2 5175
+4 3450
+2 6900
+1 1725
+19 6710
+1 5548
4702 29502
4569 1766
+3 883
+3 2649
+7 883
-4 883
+4 1766
+3 1766
+5 2649
+3 1766
+1 1766
+1 1766
2012 2649
4601 1766
+1 365
+2 365
-1 365
+2 1460
+2 730
cfn=(694) unlink_chunk.constprop.0
calls=365 1626 
* 8312
+3 1766
+5 1766
+4 494
+9 494
-1 494
+1 1482
+1 988
-1 389
-1 389
+1 1167
+1 778
+2 883
+2 1766
+5 883
+1 883
+2 2649
+1 883
+30 1766
+20 2649
3181 74
+4 74
-4 74
+2 296
+1 74
+1 74
4482 74
4635 672
-19 389
+1 389
-1 389
cfn=(694)
calls=389 1626 
* 8855
+1 389
-30 2649
-2 1766

fn=(736) free
3352 1002
+4 2004
-4 1002
+14 1002
-14 2004
+12 1002
+4 1002
-4 1002
+4 2004
+17 3006
fi=(155)
162 3006
fe=(154)
3391 2004
cfn=(690)
calls=1002 4421 
* 127725
+3 1002
+1 4008

fn=(632) _int_memalign
4941 7
1343 2
+19 8
4968 2
cfn=(546)
calls=1 1343 
* 249
* 1
+2 2
+5 1
-2 1
+2 3
+9 5
+2 4
+5 4
+3 2
+36 9
-43 1
+3 3
+6 1
+1 1
+1 1
-2 4
+2 1

fn=(694)
1626 1732
+2 8660
+3 3464
+1 1732
-1 5196
+3 6928
+3 1732
+1 1732
+1 4058
+2 8
+1 24
+3 8
+14 4
+1 8
+3 3464

fn=(630) memalign
3520 8
+1 2
+14 2
+4 2
+21 3
-34 6
+18 3
+8 3
+10 5
cfn=(632)
calls=1 4941 
* 312
+1 5
+18 2

fn=(692) malloc_consolidate
4715 6
+17 6
-17 24
+28 6
-28 18
+15 6
+2 6
+13 12
+1 12
-1 108
+1 108
+62 180
+1 48
-31 2196
+4 1656
+2 828
+1 1656
+1 1656
+2 1656
-4 270
+1 540
+1 540
+2 540
+1 8
+4 4
+2 4
-2 8
+3 4
+9 8
-12 1094
+2 1094
-2 2188
+3 1094
+9 3274
-56 2196
+4 3294
+1 4392
+8 1098
-3 2196
+3 1098
-3 1098
+4 1098
-4 1098
+5 1098
-5 1098
+5 2196
+2 2196
+1 349
+2 349
-1 349
+2 1396
+2 2094
cfn=(694)
calls=349 1626 
* 7678
* 1396
+3 2196
+4 270
+1 810
+16 270
-16 270
cfn=(694)
calls=270 1626 
* 5940
* 810

fn=(544) tcache_init.part.0
3235 3
+9 8
+1 3
cfn=(546)
calls=1 1343 
* 367
* 1
+1 2
+8 4
+7 2
+2 1
+1 2
-1 1
+1 86
+3 4

fn=(548) sysmalloc
2548 36
+20 16
+11 8
+1 11
+26 3
+1 9
+1 3
+9 20
+6 9
+3 9
2941 6
+1 3
+5 6
+3 6
+5 6
-2 3
+2 3
-1 3
+1 3
-3 3
+3 3
+1 3
-1 9
+1 3
+2 6
2581 3
+4 3
+9 4
cfn=(634)
calls=1 2420 
* 63
+1 2
2964 44
2687 6
+9 12
+13 9
+8 15
+8 6
+39 6
+2 9
+6 10
+1 2
2946 2
2773 6
+2 2
2896 1
-1 1
+1 3
+1 1
+11 2
fi=(155)
565 3
fe=(154)
2727 3
cfi=(157) ./malloc/./malloc/morecore.c
cfn=(552) __glibc_morecore
calls=3 25 
* 143
+1 6
-1 3
+1 3
2028 3
2729 3
2028 3
2729 3
2028 6
2730 3
+3 6
+33 6
2610 6
2775 2
+40 3
+22 1
+1 1
-1 1
+1 6
+2 2
+1 3
cfi=(157)
cfn=(552)
calls=1 25 
* 28
+12 2
-12 1
+12 1
2028 4
2897 4
2765 2
-52 3

fn=(534)
3287 30
+7 10
1343 8
+19 20
3306 20
+3 8
+10 15
+28 25
1362 5
3304 15
-63 4
cfn=(544)
calls=1 -6 
* 484
+68 2
+1 4
+1 9
+10 20
cfn=(546)
calls=5 1343 
* 8177
+1 25
fi=(155)
162 10
315 1
cfn=(538) ptmalloc_init.part.0
calls=1 -2 
* 1128
fe=(154)
1343 2

fn=(684) realloc
3400 51370
+6 10274
+4 10274
+7 10274
+11 5137
-2 5137
+5 5137
-3 10274
+2 10274
+4 15411
fi=(155)
162 15411
fe=(154)
3442 20548
+1 10274
1343 10274
+19 30822
3452 10274
+31 15411
+2 25685
cfn=(688) _int_realloc
calls=5137 4818 
* 802527
* 5137
+1 25685
fi=(155)
162 15411
fe=(154)
3486 10274
+29 46233

fn=(688)
4818 35959
+11 20548
+1 25685
+6 10274
+2 10274
+1 15411
+2 20548
+3 10274
+14 3503
+53 7006
-53 7006
+57 3503
-57 10509
+55 7006
+2 6914
+1 3457
+16 3457
+1 31113
-1 46
+1 15120
-79 3710
+12 3710
+12 4902
cfn=(546)
calls=1634 1343 
* 315632
* 1634
+1 3268
+3 1634
+1 1634
+5 3268
+8 1634
-1 1634
+4 1634
-3 9804
+3 1634
cob=(2)
cfi=(51)
cfn=(664)
calls=1634 0 
* 32518
+1 6536
cfn=(690)
calls=1634 4421 
* 147717
+2 1634
+22 46
-4 46
+3 46
+5 46
-4 46
-1 46
+5 46
-4 46
+3 46
+1 46
cfn=(690)
calls=46 4421 
* 3329
* 46
-60 245
-1 490
+5 884
cfn=(694)
calls=221 1626 
* 4881
* 442

fn=(546)
1343 5286
3771 2643
1362 2643
3771 21144
1362 5286
3904 2258
+2 2258
-2 2258
+2 4516
+2 61
+1 122
+6 61
-4 61
+1 61
+1 61
+2 122
+7 244
-1 122
+1 122
3181 61
3927 61
3183 61
3927 61
3181 61
3927 183
1362 5286
3811 5286
4397 5286
3838 5286
+63 1714
+62 147
+1 12
+1 2
cfn=(692)
calls=1 4715 
* 3856
* 1
3847 762
-6 381
+9 381
+1 381
-1 762
+1 1905
+5 762
+1 762
+7 381
-1 762
+1 1905
+5 381
+1 381
3183 381
3870 762
-17 5358
-10 1786
+2 7787
4399 4394
3903 2197
4399 28561
3983 2197
+1 2197
-1 4394
-1 4394
+2 4394
-1 4
+1 4
-1 8
-1 8
+2 8
-2 6600
+12 2200
-6 2200
+73 8800
-67 6601
-6 1
+73 4
-67 18
4158 209
-91 209
+91 418
-91 209
-74 209
3181 209
4067 209
3181 418
4025 418
3183 418
3997 836
+1 209
+2 418
-3 2408
+1 602
+2 1204
+1 2433
+2 811
+1 3244
+2 3244
-10 811
+12 1622
+1 1622
+2 1622
+11 3132
+31 804
+1 804
+4 1608
+29 1478
+2 1468
+1 2202
+1 734
-1 734
+57 734
+2 1468
-2 1468
+2 734
+7 734
-9 2202
+9 734
-7 734
+1 734
+1 734
+6 1468
-10 5
+2 10
-2 10
+2 5
+7 5
-9 15
+9 5
-7 5
+1 5
+1 5
+6 10
2005 1338
4413 23787
2005 61
3944 61
2005 122
4060 65
+1 65
-1 65
+1 130
+5 65
-21 65
+21 65
+1 260
2005 130
4095 25
+1 15
+1 5
-1 5
+4 10
+5 2
-2 4
+2 6
+1 4
+7 1
-1 4
+2 3
+52 2217
3994 2217
4183 4268
+2 12
+3 4
-3 4
+3 8
+68 4268
+1 2134
+1 2134
-1 2134
+1 2134
+1 4268
+1 6402
+5 4646
+16 571
+2 1142
-4 1500
+8 179
+3 358
+2 41
+1 41
+1 41
-2 164
-27 41
3963 4
4144 9
4023 414
+1 130
+5 7
-1 14
+3 7
-1 7
+1 14
+1 7
+1 14
+6 7
+6 7
-6 49
+2 21
+1 7
2005 21
4269 6081
+3 8092
-3 5976
+3 7964
-3 3982
+3 5970
+97 1996
+1 3992
+2 3992
+3 6006
+17 27
+2 10
cfn=(692)
calls=5 4715 
* 65335
+3 5
-1 15
+1 5
-1 5
3904 2559
4118 5
+3 1
+1 3
-3 4
+6 1
+13 1
+1 2
-11 2
4299 414
+3 276
+2 138
+3 276
-3 138
+3 276
cfn=(694)
calls=138 1626 
* 3084
+3 552
+15 178
-5 89
+5 178
+1 178
+3 89
+1 89
+1 89
+3 178
+1 89
+1 178
+5 712
+2 267
+1 89
2005 89
4347 89
2005 227
4347 49
2005 98
4272 31
+2 124
+1 62
+38 49
-1 49
+1 98
+67 1987
-2 3974
+2 1987
-1 1987
+6 1987
-5 1987
-3 1987
+3 1987
+2 1987
-2 7948
2005 1987
4382 1987
2005 3974
4407 16
cfn=(548)
calls=4 2548 
* 666
* 4
+1 8
2005 12

fl=(166)
fn=(588)
29 4
+15 1
-15 5
+15 1
cfi=(167) ./setjmp/../sysdeps/x86_64/bsd-_setjmp.S
cfn=(590) _setjmp
calls=1 -16 
* 34
* 1
+2 2
+5 2
+1 2
+3 2
+3 6
cob=(5)
cfi=(150)
cfn=(596) main
calls=1 -58 
* 6188228
* 1
+16 1
cfi=(184)
cfn=(740)
calls=1 +68 
* 1719

fl=(157)
fn=(552)
25 4
+1 8
-1 4
+4 4
cfi=(158)
cfn=(554)
calls=4 +8 
* 135
+1 8
+4 8

fl=(148)
fn=(502)
46 1
+1 1
+1 1
+2 1
+1 1
+3 1
+1 1
+1 1
+33 1
+1 1
+1 1
+1 1
+1 1
+1 1
+1 1
+1 1
+1 1
+1 1
+3 1
+1 1
+9 1
+1 1
+98 1
+1 1
+8 1
+1 1
+1 1
+1 1
+1 1
+2 1
+1 1
+1 1
+1 2

fl=(178)
fn=(666)
307 1635
+1 1635
+6 1635
+1 1635
+2 1635
+1 1635
+1 1635
+3 785
+1 785
+1 785
+3 1570
427 705
+1 705
+1 705
+1 705
+1 705
+1 705
+1 1410
+5 850
+1 850
+5 850
+1 850
+2 849
+1 849
+1 849
+2 144
+1 144
+1 144
+1 144
+1 144
+1 144
+1 144
+1 144
+1 144
+1 144
+1 144
+1 144
+1 144
+1 144
+1 288
+4 1
+1 1
+4 1
+2 1
+4 1
+1 1
+11 1
+3 1
+2 1
+2 1
+4 1
+1 1
+9 1
+1 1
+2 1
+2 1
+1 1
+1 1
+3 1
+2 1
+2 1
+2 2
+6 1
+1 1
+1 1
+1 1
+1 1
+1 1
+1 1
+1 1
+1 1
+1 1
+1 1
+1 1
-11 26
+1 26
+1 26
+1 26
+1 26
+1 26
+1 26
+1 26
+1 26
+1 26
+1 26
+1 26
+2 1
+1 1
+1 1
+1 1
+2 1
+4 2

fn=(728)
294 2001
+1 2001
+1 2001
+1 2001
+17 2001
+1 2001
+42 2001
+1 2001
+2 2001
+1 2001
+2 2001
+4 2001
+1 2001
+1 2001
+1 2001
+1 2001
+1 38
+1 38
+2 38
+2 38
-2 1963
+2 1963

fl=(104) ./string/../sysdeps/x86_64/multiarch/strcasecmp.c
fn=(344) strcasecmp
31 1
fi=(194)
+1 5
fe=(104)
-1 1

fl=(143)
fn=(462)
96 2
+5 1
-5 1
+5 1
-5 3
+5 3
cob=(2)
cfi=(51)
cfn=(450)
calls=1 0 
* 22
+2 4
cob=(2)
cfi=(51)
cfn=(450)
calls=1 0 
* 22
+2 4
cob=(2)
cfi=(51)
cfn=(450)
calls=1 0 
* 22
+2 4
cob=(2)
cfi=(51)
cfn=(450)
calls=1 0 
* 22
+2 4
cob=(2)
cfi=(51)
cfn=(450)
calls=1 0 
* 22
+4 3
+1 1
+1 6

fl=(140)
fn=(448)
50 2
+1 2
-1 4
+1 3
cob=(2)
cfi=(51)
cfn=(450)
calls=1 -51 
* 840
+2 4
cob=(2)
cfi=(51)
cfn=(450)
calls=1 -53 
* 23
+2 6

fl=(162)
fn=(566)
24 1006
+3 2012
+3 4024
+1 1006
+2 1006
+1 1006

fn=(568)
39 1006
+3 2012
+2 2012
+1 2012
+2 1006

fl=(152)
fn=(512)
69 9
-28 2
+2 6
+1 2
cfn=(514) __new_exitfn
calls=1 +38 
* 32
+2 2
+10 1
+2 1
-5 3
+3 1
-1 1
+4 2
+1 1
-1 2
+12 6

fn=(514)
82 1
+6 2
-6 4
+11 4
-10 2
+12 4
-2 1
+10 1
-10 3
+45 1
+5 1
-4 1
+4 4
-18 1
-1 1
+1 1

fl=(86) ./wcsmbs/../sysdeps/x86_64/multiarch/wcsnlen.c
fn=(300) wcsnlen
29 1
fi=(87)
+5 4
-1 2
+2 3
+2 2
+4 3
+3 3
fe=(86)
-15 1

fl=(98) ./wcsmbs/../sysdeps/x86_64/multiarch/wcscmp.c
fn=(330) wcscmp
30 1
fi=(94)
+3 5
-1 2
+2 3
+2 2
+4 3
+3 4
fe=(98)
-13 1

fl=(164)
fn=(576)
77 24
+5 3
-5 9
+5 6
+2 12
cob=(2)
cfi=(51)
cfn=(578)
calls=3 -84 
* 69
* 3
+1 6
+44 3
+32 36

fl=(167)
fn=(590)
28 1
+2 1
+2 1
cfi=(168)
cfn=(592)
calls=1 -2 
* 31

fl=(175) ./libio/./libio/iofread.c
fn=(640) fread
31 5
+1 1
-1 1
+1 1
-1 2
+4 2
+2 17
+1 4
cfi=(160)
cfn=(642)
calls=1 409 
* 951
fi=(179)
883 2
+1 10
fe=(175)
40 2
+1 9
-1 2

fl=(181) ./debug/./debug/fprintf_chk.c
fn=(708) __fprintf_chk
25 12012
+3 2002
+4 1001
-4 1001
+4 1001
+1 1001
-1 1001
-4 1001
+4 3003
+1 1001
cfi=(182)
cfn=(710)
calls=1001 1180 
* 582977
+4 5005

fl=(155)
fn=(538)
313 1
fi=(154)
3162 3
fe=(155)
313 5
+5 1
fi=(154)
3162 2
cfi=(156)
cfn=(540)
calls=1 28 
* 9
* 2
fe=(155)
343 2
+4 3
fi=(154)
1966 4
+3 1
-3 1
+3 2
-3 2
+3 126
-3 126
+3 252
-3 252
fe=(155)
352 3
fi=(154)
1977 1
+1 1
+2 1
fe=(155)
352 1
cob=(2)
cfi=(51)
cfn=(450)
calls=1 0 
* 23
+1 4
cob=(2)
cfi=(51)
cfn=(450)
calls=1 0 
* 22
+1 4
cob=(2)
cfi=(51)
cfn=(450)
calls=1 0 
* 23
+1 4
cob=(2)
cfi=(51)
cfn=(450)
calls=1 0 
* 23
+1 4
cob=(2)
cfi=(51)
cfn=(450)
calls=1 0 
* 22
+1 4
cob=(2)
cfi=(51)
cfn=(450)
calls=1 0 
* 23
+1 4
cob=(2)
cfi=(51)
cfn=(450)
calls=1 0 
* 23
+2 4
cob=(2)
cfi=(51)
cfn=(450)
calls=1 0 
* 23
+1 4
cob=(2)
cfi=(51)
cfn=(450)
calls=1 0 
* 23
+1 4
cob=(2)
cfi=(51)
cfn=(450)
calls=1 0 
* 23
+3 4
cob=(2)
cfi=(51)
cfn=(450)
calls=1 0 
* 23
+1 4
cob=(2)
cfi=(51)
cfn=(450)
calls=1 0 
* 23
+1 2
+63 7

ob=(1)
fl=(41) ./elf/./elf/dl-hwcaps_split.c
fn=(122) _dl_hwcaps_split
25 4
+1 3
+21 1
-20 1
+20 3

fn=(120) _dl_hwcaps_contains
66 6
+1 12
+1 6
+9 6

fn=(116) _dl_hwcaps_split_masked
51 55
-25 42
+4 24
+4 48
+1 12
-1 24
+2 24
+5 27
cfi=(42) ./string/../sysdeps/x86_64/multiarch/../strchr.S
cfn=(118) index
calls=9 -18 
* 216
+1 18
+3 6
+11 12
+1 12
+1 6
-1 6
+1 6
-2 6
+1 6
+1 3
-1 3
+1 27
cfn=(120)
calls=6 +8 
* 30
* 12
-3 5
+7 44
-19 6
cfi=(22) ./string/../sysdeps/x86_64/multiarch/strlen-vec.S
cfn=(60) strlen
calls=3 -2 
* 51
* 3

fl=(55) ./io/../sysdeps/unix/sysv/linux/open64_nocancel.c
fn=(178) __open_nocancel
28 13
+3 13
-3 39
+3 78
+8 91
+2 3
-2 30
+2 10

fl=(186)
fn=(746)
31 9
+20 3
-3 7
+3 4
+3 2
cob=(3)
cfi=(187)
cfn=(748)
calls=1 +23 
* 43
+2 1
+3 2
+2 6
+7 2
-2 1
+2 1
cfi=(49)
cfn=(466) _dl_audit_activity_nsid
calls=1 -28 
* 21
+5 14
+5 1
-5 1
+5 3
+2 8
+2 8
+2 8
+1 4
+1 4
+4 4
-12 12
+14 6
+1 4
+6 5
cfi=(12) ./elf/./elf/dl-sort-maps.c
cfn=(244) _dl_sort_maps
calls=1 288 
* 300
+9 2
cob=(3)
cfi=(188)
cfn=(750)
calls=1 367 
* 34
+5 6
+2 1
+2 3
-2 3
+2 9
+3 8
+3 12
+4 2
+11 4
+1 1
+1 2
+1 5
+1 2
cob=(5)
cfi=(150)
cfn=(752) 0x0000000000001370
calls=1 0 
* 91
-1 5
+5 3
+1 6
cob=(2)
cfi=(51)
cfn=(778)
calls=1 0 
* 110
cob=(2)
cfi=(51)
cfn=(774)
calls=1 0 
* 4
+6 8
cfi=(49)
cfn=(776) _dl_audit_objclose
calls=4 -57 
* 20
+5 4
-45 12
+49 3
cfi=(49)
cfn=(466)
calls=1 40 
* 21
* 2
-38 9
+3 2
+41 6
+6 2
+7 8
73 2

fl=(74) ./elf/./elf/dl-version.c
fn=(252) _dl_check_all_versions
361 6
+4 5
-2 2
+4 24
cfn=(254) _dl_check_map_versions
calls=4 155 
* 4439
-2 4
+2 12
-1 4
-1 8
+5 7

fn=(254)
155 32
+15 4
-15 8
+15 8
+2 20
+2 4
+1 4
-1 4
+1 4
+2 8
+3 4
-16 2
-8 2
+28 2
-4 2
+4 4
+16 2
36 4
200 2
36 10
+1 5
-1 10
+2 21
cfi=(54) ./elf/./elf/dl-misc.c
cfn=(174) _dl_name_match_p
calls=7 +30 
* 805
* 14
208 6
+5 2
-71 4
+71 6
+8 2
-2 2
-2 4
+4 2
-4 12
+4 8
-2 8
-2 16
+4 8
-4 83
56 40
+8 30
+6 30
+16 10
+1 20
+2 10
+5 90
+14 258
+12 357
+4 119
-30 238
224 40
+3 30
+5 8
-11 8
110 10
+3 40
cfi=(32) ./string/../sysdeps/x86_64/strcmp.S
cfn=(90) strcmp
calls=10 -5 
* 332
* 42
236 8
+14 4
+3 8
+10 42
-7 168
+3 126
-3 8
+3 6
+8 6
+6 3
fi=(28) ./elf/../include/rtld-malloc.h
44 3
fe=(74)
273 3
fi=(28)
44 3
cfi=(27) ./elf/./elf/dl-minimal-malloc.c
cfn=(72) __minimal_calloc
calls=3 +34 
* 108
fe=(74)
272 3
fi=(28)
44 3
fe=(74)
274 6
+13 3
-3 3
+3 12
+2 9
+3 8
+4 6
+7 10
+1 10
-1 30
+1 10
+1 10
-2 10
+2 20
+1 30
+3 30
+5 8
-15 8
+2 8
-2 8
+2 8
-2 8
+2 16
-2 2
+2 2
-2 2
+2 2
-2 2
+2 4
+16 6
+39 36
-29 9
+3 8
+4 42
+6 42
+1 42
+1 42
-1 126
+1 42
-1 42
+1 42
+1 42
+3 126
+4 42
-14 88
+10 6
164 2
+86 2
-94 2
+94 3

fl=(39) ./elf/../sysdeps/x86_64/dl-hwcaps-subdirs.c
fn=(110) _dl_hwcaps_subdirs_active
29 1
fi=(18) ./elf/../sysdeps/x86/get-isa-level.h
+2 1
fe=(39)
+7 1
fi=(18)
-7 2
-1 2
fe=(39)
+22 1
fi=(18)
-20 3
+4 1
fe=(39)
+2 1
fi=(18)
-2 2
+3 4
+1 4
+5 1
fe=(39)
-7 1
fi=(18)
+7 3
fe=(39)
-2 1
fi=(18)
+5 2
+1 3
+2 4
+1 2
+1 2
+6 1
fe=(39)
-11 1
fi=(18)
+11 1
-3 2
fe=(39)

fl=(59) ./io/../sysdeps/unix/sysv/linux/fstatat64.c
fn=(192) fstatat
153 26
-55 26
+70 30
+1 4
-2 18
+1 18

fl=(50) ./string/../sysdeps/x86_64/strcspn.S
fn=(158) strcspn
25 1
+2 1
+7 1
+1 1
+2 1
+1 1
+1 1
+1 1
+1 33
+3 3
+7 1
+1 1
+1 1
+1 1
+2 1
+1 1
+1 1
+1 1
+2 1
+1 1
+1 1
+9 3
+12 1
+2 1
+1 1
+1 1
-4 12
+2 12
+1 12
+1 12
+2 13
+1 13
+1 13
+2 13
+1 13
+1 13
+2 13
+1 13
+1 13
+2 1
+1 1
+1 1
+2 1
+7 1
+4 1

fl=(142) ./elf/./elf/dl-runtime.c
fn=(458) _dl_fixup
46 16
+2 10
+1 2
+6 2
fi=(199) ./elf/../sysdeps/x86_64/dl-runtime.h
-27 2
fe=(142)
+21 2
+5 2
+1 2
-6 2
+6 4
+1 2
+2 2
-2 2
+2 2
-2 10
+7 4
+4 4
+4 6
+4 6
+1 8
-7 8
+16 2
-1 2
+1 4
+10 20
cfi=(78) ./elf/./elf/dl-lookup.c
cfn=(278) _dl_lookup_symbol_x
calls=2 840 
* 1363
* 2
+4 10
+10 20
+15 8
+9 6
+26 6
fi=(6) ./elf/../sysdeps/x86_64/dl-machine.h
+70 2
fe=(142)
-66 12

fl=(46) ./elf/./elf/dl-debug.c
fn=(152) _dl_debug_state
116 2
+1 2

fn=(146) _dl_debug_initialize
56 1
+3 2
+4 1
-6 1
+4 1
+2 2
+22 2
+5 2
+1 1
+1 1
-1 1
-1 1
+5 2
+4 2
+8 2
-43 2
+32 6

fn=(186) _dl_debug_update
38 3
+3 3
-1 6
+4 6
+4 3

fl=(66) ./elf/./elf/dl-deps.c
fn=(214) openaux
61 6
+7 2
-4 4
+1 2
-1 16
cfi=(31) ./elf/./elf/dl-load.c
cfn=(172) _dl_map_object
calls=2 2022 
* 6763
* 2
+5 4

fn=(210) _dl_map_object_deps
159 5
+1 3
-1 1
+1 1
-1 2
+1 1
-1 3
+1 1
-1 4
+1 12
-8 1
-7 1
+15 1
-14 1
+6 1
+8 1
-15 1
+7 1
-8 1
+1 1
+7 1
-7 1
+31 3
-28 3
-2 1
+31 1
-33 2
+2 2
+30 2
-30 1
-1 4
+7 4
+24 2
-32 1
+60 1
-60 2
+36 1
fi=(73) ./elf/../include/scratch_buffer.h
77 3
fe=(66)
198 1
fi=(73)
78 1
fe=(66)
200 2
+98 1
198 1
+4 1
+7 1
+4 4
-4 3
+4 12
+11 12
-18 2
+18 4
433 12
+2 2
+3 2
-3 4
+3 2
fi=(28)
56 2
cfi=(27)
cfn=(76) __minimal_malloc
calls=2 -21 
* 50
* 2
fe=(66)
439 4
+6 2
+1 10
cfi=(29) ./string/../sysdeps/x86_64/multiarch/memmove-vec-unaligned-erms.S
cfn=(80) memcpy
calls=2 212 
* 22
+1 10
cfi=(29)
cfn=(80)
calls=2 212 
* 22
+4 2
-1 2
+5 16
204 9
458 9
-1 4
+1 8
199 3
+27 10
+5 2
+6 2
-5 2
-1 2
+2 4
+4 8
-31 2
+31 2
+1 6
+6 8
cfi=(31)
cfn=(212) _dl_dst_count
calls=2 -6 
* 108
* 6
+4 4
-2 2
+2 4
cob=(2)
cfi=(51)
cfn=(164)
calls=2 0 
* 6921
+1 4
+9 2
+2 4
+5 10
+6 2
+2 2
-8 4
+3 2
+1 2
+1 2
+1 2
+4 10
+4 6
+1 3
-43 200
+1 96
+44 144
-38 4
fi=(73)
85 3
fe=(66)
464 6
+1 1
+3 4
+11 3
fi=(28)
56 1
cfi=(27)
cfn=(76)
calls=1 -21 
* 25
* 1
fe=(66)
481 2
+5 3
+1 1
-1 2
+4 2
-2 1
+2 1
-2 2
+11 3
+5 3
-14 9
-2 3
+4 3
+7 3
-2 6
-5 1
+7 1
-2 2
+2 2
+5 1
-14 6
+17 2
+52 3
+37 3
+15 1
-11 1
+11 1
-14 2
+20 1
-1 3
+1 3
-1 5
cfi=(12)
cfn=(244)
calls=1 288 
* 260
+5 1
+3 1
-1 1
+2 2
+7 3
+3 3
+3 8
214 25
+3 2
fi=(73)
-86 6
cfi=(72) ./malloc/./malloc/scratch_buffer_set_array_size.c
cfn=(238) __libc_scratch_buffer_set_array_size
calls=2 30 
* 40
fe=(66)
+86 4
+4 6
611 2
cfi=(29)
cfn=(80)
calls=1 212 
* 11
* 1
-53 2
160 2
380 6

fl=(77) ./elf/./elf/dl-reloc.c
fn=(270) _dl_relocate_object
194 8
+14 4
-14 36
+16 4
-16 8
+14 4
+2 8
+3 4
-1 4
+1 8
+19 8
+6 20
-34 6
+38 6
+7 12
fi=(6)
71 10
+6 4
+4 3
+14 1
-8 1
+8 2
+20 2
+4 5
-2 2
fe=(77)
288 160
-83 1
fi=(6)
474 4
fe=(77)
205 2
+83 2
fi=(5) ./elf/./elf/do-rel.h
49 1
fe=(77)
288 1
fi=(5)
60 1
-11 2
+11 2
fe=(77)
288 3
-83 3
fi=(6)
474 12
fe=(77)
205 6
+83 6
fi=(5)
49 3
fe=(77)
288 3
fi=(5)
60 3
-11 6
+11 6
fe=(77)
288 8
fi=(5)
49 4
fe=(77)
288 4
fi=(5)
60 4
-11 8
+11 8
-7 1
-1 1
+11 8
fi=(6)
545 28
+4 28
+3 42
+1 14
fi=(5)
63 42
+2 216
+2 120
-4 120
+13 6
+1 8
+1 80
fi=(6)
545 40
+34 80
+2 40
cob=(3)
cfi=(127)
cfn=(406)
calls=1 31 
* 23
cob=(3)
cfi=(126)
cfn=(404)
calls=1 31 
* 7
cob=(3)
cfi=(125)
cfn=(400)
calls=1 33 
* 22
cob=(3)
cfi=(124)
cfn=(398)
calls=1 29 
* 7
cob=(3)
cfi=(122)
cfn=(394)
calls=1 29 
* 23
cob=(3)
cfi=(121)
cfn=(390)
calls=1 33 
* 17
cob=(3)
cfi=(119)
cfn=(386)
calls=1 29 
* 22
cob=(3)
cfi=(118)
cfn=(382)
calls=1 29 
* 17
cob=(3)
cfi=(117)
cfn=(378)
calls=1 29 
* 21
cob=(3)
cfi=(116)
cfn=(376)
calls=1 31 
* 7
cob=(3)
cfi=(115)
cfn=(372)
calls=1 29 
* 17
cob=(3)
cfi=(114)
cfn=(368)
calls=1 31 
* 21
cob=(3)
cfi=(113)
cfn=(364)
calls=1 29 
* 21
cob=(3)
cfi=(111)
cfn=(360)
calls=2 31 
* 38
cob=(3)
cfi=(109)
cfn=(356)
calls=1 29 
* 22
cob=(3)
cfi=(108)
cfn=(354)
calls=1 31 
* 7
cob=(3)
cfi=(107)
cfn=(350)
calls=1 29 
* 17
cob=(3)
cfi=(106)
cfn=(348)
calls=1 43 
* 7
cob=(3)
cfi=(105)
cfn=(346)
calls=1 29 
* 7
cob=(3)
cfi=(104)
cfn=(344)
calls=1 31 
* 7
cob=(3)
cfi=(103)
cfn=(342)
calls=1 66 
* 17
cob=(3)
cfi=(101)
cfn=(338)
calls=2 31 
* 46
cob=(3)
cfi=(99)
cfn=(334)
calls=1 31 
* 17
cob=(3)
cfi=(98)
cfn=(330)
calls=1 30 
* 21
cob=(3)
cfi=(97)
cfn=(326)
calls=2 29 
* 44
cob=(3)
cfi=(96)
cfn=(322)
calls=1 28 
* 21
cob=(3)
cfi=(95)
cfn=(320)
calls=1 61 
* 19
cob=(3)
cfi=(93)
cfn=(316)
calls=2 31 
* 42
cob=(3)
cfi=(91)
cfn=(312)
calls=1 29 
* 22
cob=(3)
cfi=(90)
cfn=(308)
calls=1 29 
* 19
cob=(3)
cfi=(88)
cfn=(304)
calls=1 29 
* 24
cob=(3)
cfi=(86)
cfn=(300)
calls=1 29 
* 19
cob=(3)
cfi=(85)
cfn=(298)
calls=1 65 
* 17
cob=(3)
cfi=(84)
cfn=(296)
calls=1 29 
* 7
cob=(3)
cfi=(82)
cfn=(292)
calls=2 31 
* 42
-36 40
+37 40
fi=(5)
77 121
fe=(77)
288 32
+3 24
+24 4
+3 8
+17 12
+2 32
-98 8
+3 2
+7 4
-9 2
fi=(5)
86 14
+2 14
+12 7
-14 28
+14 14
+10 10
+3 13
+1 3
fi=(6)
529 3
fi=(5)
114 3
fi=(6)
529 6
fi=(5)
114 1200
fi=(6)
529 1200
fi=(5)
114 1200
fi=(6)
529 2400
+5 2406
+1 1203
fi=(5)
113 1203
fi=(6)
535 1203
-5 1203
fi=(5)
113 2406
+7 28
+4 20
+2 10
-73 3
fi=(6)
484 3
fi=(5)
52 3
fi=(6)
484 6
fi=(5)
128 6
+1 3
+1 3
-2 3
+2 3
+3 3
-5 3
+2 3
-2 3
+1 6
+2 3
-2 3
+2 9
+2 6
-5 240
+1 120
+1 120
-2 120
+2 120
+3 120
-5 120
+2 120
-2 120
+1 240
+2 120
-2 120
+2 360
+2 240
+9 121
fi=(6)
262 242
+21 242
+4 242
+7 484
fi=(4) ./elf/../sysdeps/generic/ldsodefs.h
138 315
fi=(6)
294 4068
cfi=(78)
cfn=(278)
calls=102 840 
* 57889
* 918
+2 315
+30 722
450 309
fi=(5)
145 343
-19 369
+32 15
+1 6
fi=(6)
294 2
+22 2
-22 4
fi=(5)
160 6
+3 2
+4 2
-4 2
+4 4
-2 2
-2 2
+2 2
+1 2
-1 4
fi=(6)
294 8
508 2
-1 4
+1 4
+1 2
cfi=(15) ./elf/../sysdeps/x86/dl-get-cpu-features.c
cfn=(436) __x86_cpu_features
calls=1 71 
* 6
cob=(3)
cfi=(80)
cfn=(288)
calls=1 86 
* 28
+1 2
fi=(5)
159 2
fi=(6)
510 2
fi=(5)
159 8
-14 3
+1 81
fi=(6)
490 3
+5 2
-1 3
+1 2
-1 1
cfi=(29)
cfn=(80)
calls=1 212 
* 11
+2 4
+1 1
-75 51
+4 68
+5 17
+9 17
-9 34
+9 17
fi=(5)
145 66
fi=(6)
296 166
+3 118
-3 118
+3 236
+2 10
+3 4
+1 6
+11 4
+7 2
cob=(3)
cfi=(85)
cfn=(298)
calls=1 65 
* 17
cob=(3)
cfi=(117)
cfn=(378)
calls=1 29 
* 21
* 6
+3 4
fi=(5)
135 10
+3 2
fi=(6)
296 102
+3 102
-3 220
+3 4
fi=(5)
50 8
fe=(77)
308 14
fi=(6)
-14 29
fe=(77)
+49 20
+3 4
-3 4
+3 4
+4 8
+1 16
cfi=(128) ./misc/../sysdeps/unix/syscall-template.S
cfn=(410) mprotect
calls=4 117 
* 24
* 8
-63 6
fi=(5)
53 2
175 7
+2 2
+1 2
-1 1
+3 1
-3 4
+3 2
-3 10
+1 10
-1 5
+3 5
-3 20
+3 10
+8 6
fi=(6)
+74 12
+21 12
+4 12
+7 24
fi=(4)
138 18
fi=(6)
294 204
cfi=(78)
cfn=(278)
calls=6 840 
* 3259
* 54
+2 18
+30 36
450 12
fi=(5)
191 18
-16 18
+30 4
fi=(6)
+91 2
+3 2
-3 2
+3 4
-3 2
+3 2
-3 4
fe=(77)

fl=(72)
fn=(238)
30 20
+4 2
+1 4
+11 2
-1 4
+18 8

fl=(1) ???
fn=(0) 0x00000000000202b0
0 2
cfi=(2) ./elf/./elf/rtld.c
cfn=(2) _dl_start
calls=1 527 
0 173676
0 14
cfi=(144) ./elf/./elf/dl-init.c
cfn=(474) _dl_init
calls=1 77 
0 361
0 3
cob=(5)
cfi=(150)
cfn=(508) (below main)
calls=1 0 
0 6193260

fl=(44) ./string/../sysdeps/x86_64/multiarch/memset-vec-unaligned-erms.S
fn=(132) memset
125 7
+1 35
+6 7
+1 7
+1 7
+1 7
+2 1
+1 1
+1 1
+65 4
+1 4
+2 4
+76 6
+1 6
+5 6
+3 6
+1 6
+3 2
+1 2
+13 2
+1 2
+2 2
+3 1
+3 2
+3 1
+1 1
+1 1
+1 1
+1 1
+1 1
+1 1
-6 27
+1 27
+1 27
+1 27
+1 27
+1 27
+1 27
+3 2
+1 2
+1 2
+1 2
+5 2

fl=(24) ./elf/../sysdeps/nptl/dl-tls_init_tp.c
fn=(66) __tls_pre_init_tp
53 3
+3 8
+5 1
-5 1
+5 1
+1 1
-6 1
+8 1

fn=(84) rtld_mutex_dummy
42 8
+2 16

fn=(264) __tls_init_tp
68 2
fi=(200) ./elf/../include/list.h
-24 1
fe=(24)
+24 1
fi=(200)
-25 1
fe=(24)
+26 1
+3 1
fi=(200)
-29 1
+1 1
+1 1
+2 1
fe=(24)
+28 4
+1 2
+1 1
+5 2
+5 1
+6 1
-3 1
+3 1
-6 3
+6 1
+13 3
fi=(75) ./elf/../sysdeps/unix/sysv/linux/rseq-internal.h
-72 1
fe=(24)
+72 1
cfi=(10)
cfn=(24)
calls=1 402 
* 20
fi=(75)
-74 3
+2 6
+3 2
+3 1
fe=(24)
+83 3
+7 2
+2 1
+1 1
+1 3

fl=(135) ./elf/./elf/dl-call-libc-early-init.c
fn=(438) _dl_call_libc_early_init
27 1
+2 2
-2 1
+6 3
-6 1
+6 3
-6 1
+6 1
cfi=(134) ./elf/./elf/dl-lookup-direct.c
cfn=(434) _dl_lookup_direct
calls=1 +41 
* 177
+4 2
+2 4
+2 1
-1 1
+1 2
-1 1
cob=(3)
cfi=(136)
cfn=(440)
calls=1 -7 
* 1108

fl=(38) ./elf/./elf/dl-hwcaps.c
fn=(108) _dl_important_hwcaps
175 5
+1 1
-1 6
+1 1
-1 1
+1 1
-1 1
+1 1
-1 1
+1 2
cfi=(10)
cfn=(24)
calls=1 402 
* 21
* 1
+2 2
+1 3
+26 2
-26 1
+25 1
cfi=(39)
cfn=(110)
calls=1 29 
* 47
fi=(40) ./elf/./dl-hwcaps.h
54 1
fe=(38)
205 1
-1 1
fi=(40)
56 1
+32 1
+1 1
+1 1
fe=(38)
-35 2
cfi=(41)
cfn=(116)
calls=1 -4 
* 13
* 2
fi=(40)
-1 1
+2 2
-2 1
+34 2
+1 2
+1 1
fe=(38)
-32 2
-1 2
+1 2
+1 2
-1 2
-3 4
cfi=(41)
cfn=(116)
calls=2 -4 
* 114
* 2
cfi=(41)
cfn=(116)
calls=1 -4 
* 122
* 6
+48 5
fi=(28)
-47 1
cfi=(27)
cfn=(76)
calls=1 -21 
* 25
fe=(38)
+47 1
+2 2
+3 2
fi=(40)
-52 1
fe=(38)
+55 1
-3 1
fi=(40)
-54 2
+3 1
fe=(38)
+58 2
cfi=(41)
cfn=(122)
calls=1 -90 
* 12
* 2
fi=(40)
-61 1
+2 2
-2 1
+34 2
+1 2
+1 1
fe=(38)
+40 4
+1 2
-1 6
+2 2
+1 2
-2 6
-3 4
cfi=(41)
cfn=(116)
calls=2 -77 
* 114
* 2
cfi=(41)
cfn=(116)
calls=1 -77 
* 122
* 6
+8 2
+9 1
-15 1
+15 2
-15 1
+15 8
+9 2
+4 7
cfi=(43) ./string/../sysdeps/x86_64/memcmp.S
cfn=(124) bcmp
calls=1 22 
* 41
+1 2
+1 1
+4 1
+1 2
+1 1
-20 2
+19 1
+1 1
-20 2
-1 4
+70 1
+1 1
+4 1
-5 2
+1 4
+4 2
-4 1
+4 4
+1 1
-1 1
+1 2
+1 2
-2 5
+1 1
-1 1
+1 2
+1 2
-2 5
+5 1
+3 2
-3 2
+3 15
+7 1
-7 2
+2 3
+1 4
+2 1
fi=(201) ./elf/../sysdeps/x86/dl-hwcap.h
57 1
fe=(38)
233 2
fi=(201)
57 1
fe=(38)
233 2
fi=(201)
57 1
fe=(38)
233 1
+1 1
cfi=(22)
cfn=(60)
calls=1 41 
* 17
+1 1
+1 1
-6 1
+4 1
+1 1
-5 1
+5 1
+1 1
-1 2
-5 4
+10 3
-2 3
+2 1
+1 1
+1 1
-1 1
+4 4
+1 1
-1 1
+4 2
+4 1
-1 1
+1 4
-1 2
+4 3
+1 3
+19 10
+6 2
fi=(28)
56 1
cfi=(27)
cfn=(76)
calls=1 -21 
* 25
* 1
fe=(38)
283 2
+8 1
fi=(40)
54 1
+2 1
+34 1
-2 2
fe=(38)
-5 1
291 1
fi=(40)
54 1
+35 1
fe=(38)
291 1
fi=(40)
90 1
fe=(38)
-10 2
cfi=(41)
cfn=(116)
calls=1 -29 
* 13
* 2
fi=(40)
-26 2
+2 1
fe=(38)
+27 1
fi=(40)
-29 1
+34 2
+1 2
+1 1
fe=(38)
-8 2
+1 4
+7 2
-7 10
cfi=(29)
cfn=(128) mempcpy
calls=2 199 
* 26
+4 2
+2 2
+2 2
-2 4
-9 4
cfi=(41)
cfn=(116)
calls=2 -29 
* 114
* 2
cfi=(41)
cfn=(116)
calls=1 -29 
* 122
* 6
304 1
+2 1
-2 1
-48 2
+72 1
-72 1
376 2
+13 2
-58 1
+45 1
+13 1
-58 1
-75 1
+82 1
+10 2
-92 1
+88 1
+4 3
-4 1
+3 7
-3 2
-3 1
+3 1
cfi=(29)
cfn=(128)
calls=1 199 
* 18
* 2
-3 1
+3 1
cfi=(29)
cfn=(128)
calls=1 199 
* 18
* 2
+3 2
-3 4
+3 5
+1 12
+1 2
-2 1
+2 1
cfi=(29)
cfn=(128)
calls=1 199 
* 15
* 2
-2 2
+5 8
cfi=(29)
cfn=(128)
calls=2 199 
* 30
* 4
+2 5
+5 6
+1 1
-1 3
+1 7
-1 25
+5 11
+4 1
-1 1
+1 2
-4 12
+4 2
-1 2
+1 13
-1 9
+1 18
+1 24
-1 12
-1 12
+2 24
-1 24
-1 24
+4 9
+3 1
+2 2
-1 1
-1 1
+2 1
-2 1
+2 2
-1 1
+1 2
+2 6
+1 2
+3 2
-6 2
+6 3
+7 8
+1 1
-1 2
+3 2
-3 3
+1 3
-1 6
+3 6
+3 4
-80 2
+86 9
-20 1
+1 2
-6 3
259 2
+1 2
+1 4
-1 3
+12 4
-44 2
+34 4
-2 3

fl=(141)
fn=(456)
67 2
+5 2
+3 2
+2 2
+10 2
+6 2
+1 2
+1 2
+1 2
+1 2
+1 2
+1 2
+4 2
+1 2
+3 2
+1 2
+2 2
+1 2
+1 2
+1 2
+1 2
+1 2
+2 2
+7 2
+1 2
+1 2
cfi=(142)
cfn=(458)
calls=2 -80 
* 1555
+1 2
+5 2
+1 2
+1 2
+2 2
+1 2
+1 2
+1 2
+1 2
+1 2
+1 2
+2 2
+2 2
+4 2
+2 2

fl=(65) ./io/../sysdeps/unix/sysv/linux/access.c
fn=(208) access
25 1
+2 7
+4 1

fl=(8) ./elf/./elf/dl-setup_hash.c
fn=(14) _dl_setup_hash
25 4
+3 4
-3 4
+3 8
+3 12
+1 8
+2 4
-1 4
+3 12
+1 4
+4 4
-3 4
+7 4
-4 4
-3 4
+2 8
+5 4
-5 4
-2 4
+7 4
-5 4
+10 4

fl=(42)
fn=(118)
23 15
+1 15
+1 15
+1 15
+1 15
+1 15
+1 15
+1 15
+1 15
+1 15
+1 15
+1 15
+1 15
+1 15
+1 15
+1 15
+1 15
+1 15
+1 13
+4 13
+1 13
+1 13
+1 13
+2 13
+4 2
+1 2
+1 2
+1 2
+1 2
+1 2
+1 2
+1 2
+1 2
+1 2
+1 2
+1 2
+1 2
+1 2
+1 2
+1 2
+1 2
+1 2
+1 2
+1 2
+1 2
+1 2
+1 2
+1 2
+52 2
+4 2
+1 2
+1 2
+1 2
+2 2

fl=(52)
fn=(162)
225 10
+2 2
cob=(2)
cfi=(51)
cfn=(164)
calls=1 0 
* 2759
+1 2
+1 1
+1 1
-1 1
+1 1
+2 5

fn=(166)
175 9
+5 3
-5 9
+5 3
-2 6
+22 3
-1 3
+7 6
-6 3
+3 6
+3 3
cfi=(53) ./setjmp/../sysdeps/x86_64/setjmp.S
cfn=(168) __sigsetjmp
calls=3 30 
* 72
* 12
+2 9
cfi=(66)
cfn=(214)
calls=2 61 
* 6799
cfi=(2)
cfn=(170) map_doit
calls=1 663 
* 2698
+2 3
-1 3
+1 3
-1 3
+1 6
+9 12

fn=(248) _dl_receive_error
238 6
+1 1
+1 1
+3 1
+1 1
+2 1
cfi=(2)
cfn=(250) version_check_doit
calls=1 696 
* 4522
+2 1
+1 1
+1 4

fl=(13) ./elf/../sysdeps/unix/sysv/linux/dl-sysdep.c
fn=(100) _dl_discover_osversion
46 5
+2 3
+85 5
-45 2
cfi=(36) ./posix/../sysdeps/unix/syscall-template.S
cfn=(102) uname
calls=1 +32 
* 6
+15 1
-15 2
+20 1
-1 1
+3 12
+4 3
-2 6
+2 10
+3 1
-1 1
+1 3
-3 4
+7 3
-1 3
+4 3
-2 3
+2 10
+5 2

fl=(19) ./elf/../sysdeps/x86/dl-cacheinfo.h
fn=(52) get_common_cache_info.constprop.0
481 1
+17 1
-17 4
+16 1
-16 1
+15 1
-15 3
+18 1
-1 1
+9 2
+3 3
+11 1
-11 1
-5 1
+21 3
+4 2
681 4
+1 5
+4 2
+9 2
-2 1
+2 2
-1 1
+1 3
535 6
+3 8
+7 2
-7 9
+7 6
+3 26
+14 2
+4 1
+3 1
+1 1
-4 2
+3 3
+6 2
-37 6
+15 2
+4 1
+1 1
-1 2
+18 2
-68 6
+74 4
+8 7
+2 2
+4 3
+2 1
+2 5
-4 1
+16 1
-16 3
+21 2
-21 4
+3 1
+1 4
-4 1
+6 4
+3 2
+5 1
+2 2
+1 1
+1 1
-2 2
+1 1
-19 5
+46 2
+1 1
+1 2
+2 2
-1 3
-23 2
+7 1
+2 2
-16 1
+22 1
-6 2
+1 1
+5 1

fn=(46) handle_intel.constprop.0
255 24
-5 24
+16 12
-16 72
+13 12
+1 36
-3 24
+11 60
+5 24
+2 12
+1 12
-1 12
+5 48
cfn=(48) intel_check_word.constprop.0
calls=12 123 
* 3876
+2 24
+3 60
cfn=(48)
calls=12 123 
* 1156
+2 24
+3 5
cfn=(48)
calls=1 123 
* 20
+2 2
+3 5
cfn=(48)
calls=1 123 
* 255
+2 2
-35 3
+39 3
+5 96

fn=(48)
123 78
-4 78
+10 104
-10 26
+10 52
+2 52
+71 200
-71 102
+2 63
+2 126
+8 126
+51 102
+22 51
fi=(20) ./elf/../bits/stdlib-bsearch.h
28 51
-1 102
+4 102
+1 51
fe=(19)
+78 102
fi=(20)
-79 76
+1 38
fe=(19)
+78 76
+3 345
fi=(20)
-84 820
+2 512
+1 256
fe=(19)
+78 512
+15 15
246 104
fi=(20)
37 63
-8 151
fe=(19)
155 36
+3 36
-6 54
+3 14
+9 14
+23 19
-32 57
+3 57
+4 50
+2 100
+2 50
+2 36
+4 11
+2 22
+6 14
+3 8
+1 12
-8 4
+2 4
-1 4
-1 4
+2 8
-2 4
+3 12
-2 12
+2 8
-10 24
+1 10
+11 12
-26 4
+9 4
+23 2
-32 6
+3 6
+4 8
+2 16
+2 8
-11 3
+7 6
+2 12

fl=(54)
fn=(174)
68 84
+1 28
cfi=(32)
cfn=(90)
calls=14 +39 
* 500
* 28
+3 14
+2 28
+6 15
-6 30
+1 54
cfi=(32)
cfn=(90)
calls=18 +33 
* 719
* 36
+8 3
-13 3
+13 20
-1 11
+1 33

fn=(224) _dl_sysdep_read_whole_file
36 2
+3 1
-3 6
+3 1
-3 1
+3 1
cfi=(55)
cfn=(178)
calls=1 -11 
* 19
+1 2
+23 7
-21 4
cfi=(58) ./io/../sysdeps/unix/sysv/linux/fstat64.c
cfn=(190) fstat
calls=1 -13 
* 15
* 2
+2 2
+3 2
+13 2
cfi=(64) ./io/../sysdeps/unix/sysv/linux/close_nocancel.c
cfn=(204) __GI___close_nocancel
calls=1 -35 
* 6
* 1
-11 6
cfi=(60) ./misc/../sysdeps/unix/sysv/linux/mmap64.c
cfn=(194) mmap
calls=1 -2 
* 9
* 2

fl=(10)
fn=(18) __GI___tunables_init
279 9
-9 9
71 415
+6 82
-3 164
+3 8262
+4 164
+5 164
fi=(11) ./elf/./elf/dl-tunables.h
+54 82
fe=(10)
-54 328
fi=(11)
+55 218
-1 189
+1 54
-1 82
+1 164
fe=(10)
320 328
-18 11480
+6 18040
fi=(11)
140 738
+1 1476
-1 38
+1 152
-1 190
fe=(10)
354 8
74 164

fn=(24)
402 33
+3 231
+9 33
-9 126
+9 10
+17 165
+2 33
-9 23
+1 23

fn=(54) __GI___tunable_set_val
157 15
-55 5
+55 5
-55 5
+55 5
-55 35
+9 5
+1 5
fi=(202) ./elf/./dl-tunable-types.h
-22 10
fe=(10)
+22 20
+1 40
fi=(11)
+8 10
+1 5
fe=(10)
-6 15
fi=(11)
+15 5
fe=(10)
-12 10
+4 10
+7 10
+1 10
+3 30
+1 5
+1 5
+1 5
+24 5
fi=(11)
-30 15
fe=(10)

fl=(2)
fn=(2)
527 10
85 1
fi=(6)
-40 1
fe=(2)
557 1
-4 1
85 2
556 1
85 1
fi=(3) ./elf/./get-dynamic-info.h
-40 1
fe=(2)
556 1
fi=(3)
45 2
+9 1
+5 1
+3 1
+2 1
+4 1
-7 1
-3 1
-3 14
+13 4
-23 16
+23 14
-23 56
+4 36
+5 20
+2 5
+3 4
fi=(4)
+21 1
fi=(3)
-8 3
+10 4
+1 4
+1 4
+1 4
+2 4
+5 4
+1 4
+1 4
+3 3
+5 2
+7 3
+1 3
+8 2
+1 2
+5 3
+3 3
fe=(2)
573 1
fi=(6)
71 1
fe=(2)
573 42
fi=(6)
414 1
fi=(5)
86 1
fe=(2)
573 2
fi=(5)
49 1
+37 1
-37 1
+37 1
+2 1
-2 1
+2 1
-2 1
+27 2
-27 1
fe=(2)
573 2
fi=(5)
49 1
+37 1
-37 1
+37 1
+2 1
-2 1
+2 1
-2 1
+27 3
+1 2
fi=(6)
534 2
fi=(5)
114 282
fi=(6)
534 282
+1 142
fi=(5)
113 142
fi=(6)
535 284
fi=(5)
113 284
+5 4
+8 7
fi=(6)
326 12
fi=(5)
126 21
+2 7
+2 7
-2 7
fi=(6)
287 7
fi=(5)
130 7
-2 7
+1 14
fi=(6)
287 14
+9 70
+3 14
+27 33
fe=(2)
573 6
fi=(5)
50 1
fi=(4)
+30 2
fi=(6)
326 2
+20 12
+1 6
fe=(2)
575 1
+13 1
cfi=(7) ./elf/./elf/dl-minimal.c
cfn=(12) __rtld_malloc_init_stubs
calls=1 42 
* 10
+4 2
85 1
488 2
85 3
488 1
cfi=(8)
cfn=(14)
calls=1 25 
* 29
+2 2
-1 1
+1 2
+17 1
-15 1
-2 1
+17 1
-15 1
+9 1
-11 1
+17 1
cfi=(9) ./elf/../elf/dl-sysdep.c
cfn=(16) _dl_sysdep_start
calls=1 85 
* 171583
* 1
+2 2
+98 9
fi=(3)
62 4
+2 4
fe=(2)
573 3

fn=(156) handle_preload_list
894 10
+5 1
-5 2
+5 2
+6 1
-64 1
+54 3
+7 3
cfi=(50)
cfn=(158)
calls=1 25 
* 233
* 1
+1 3
+9 1
191 1
914 2
191 2
916 2
-80 1
+5 5
-10 1
+8 1
-4 1
+1 1
+1 1
+4 1
cob=(2)
cfi=(51)
cfn=(160)
calls=1 0 
* 2784
+1 3
+8 3
+67 1
-18 2
+21 9
-15 4
cfi=(29)
cfn=(80)
calls=1 212 
* 19
+1 2

fn=(170)
663 2
+2 1
-2 1
+2 1
+1 2
-1 2
+1 3
cfi=(31)
cfn=(172)
calls=1 2022 
* 2683
* 1
+2 2

fn=(64) dl_main
1320 2
205 1
311 1
1320 2
2818 1
1320 3
2829 1
1320 2
2698 1
1320 2
311 1
1320 3
207 1
310 1
205 1
+99 3
1332 1
cfi=(24)
cfn=(66)
calls=1 53 
* 17
2677 3
+6 5
-4 1
+4 1
+2 3
cfi=(25) ./elf/./elf/dl-environ.c
cfn=(68) _dl_next_ld_env_entry
calls=1 28 
* 75
* 4
cfi=(25)
cfn=(68)
calls=2 28 
* 474
* 9
+4 6
-2 2
+2 6
+1 2
-1 6
+1 17
-1 89
+9 12
2845 4
+32 2
1348 1
+1 2
-1 2
+1 2
2774 3
+1 3
-56 2
+7 2
1627 9
cfi=(26) ./elf/./elf/dl-object.c
cfn=(70) _dl_new_object
calls=1 59 
* 230
* 1
+2 2
+1 1
+6 2
-6 1
+1 2
+1 3
+4 1
cfi=(26)
cfn=(82) _dl_add_to_namespace_list
calls=1 31 
* 36
+1 2
1140 1
1326 1
1169 1
-29 1
+11 1
+18 2
-21 1
+21 1
-19 1
-4 1
+23 1
-21 1
+21 2
+57 1
-83 1
+23 1
+4 1
+19 1
+22 1
+15 5
-56 116
1275 4
+2 1
1169 18
fi=(30) ./elf/../sysdeps/x86/dl-prop.h
105 2
fe=(2)
1282 22
+6 4
cfi=(31)
cfn=(88) _dl_process_pt_gnu_property
calls=1 868 
* 20
-7 26
+1 13
+6 13
-6 26
fi=(30)
212 4
+1 2
95 8
+10 2
212 1
105 1
-2 1
-3 1
+2 1
+3 1
-4 2
+92 4
-1 1
-87 3
+3 3
+1 2
+1 2
+4 3
+4 3
+3 3
+1 2
+4 1
+1 4
+4 2
+1 1
+3 2
+3 1
+1 4
+5 2
+2 2
+5 2
+14 1
-1 2
+2 2
fe=(2)
1174 1
-5 1
+5 2
-5 2
+30 1
-9 1
+27 1
-27 1
+2 1
-3 1
+10 2
-20 2
-10 1
+10 1
+1 9
-11 2
+57 4
-1 4
+1 8
-1 4
+2 8
+1 1
+2 12
+1 14
+1 2
+3 2
+1 2
-1 6
+1 6
+1 4
+1 10
+1 1
+4 1
-74 1
+74 2
-74 2
+74 3
-74 3
+74 6
-74 6
1271 1
1169 1
1271 1
1169 2
1294 1
+3 2
+2 1
-5 2
+3 2
+2 2
+2 2
1662 3
+2 1
-1 1
+1 2
+1 2
-2 1
+2 1
-2 2
cfi=(32)
cfn=(90)
calls=1 108 
* 34
* 2
+7 1
+3 1
-5 1
+3 1
+2 1
+1 2
+4 2
+2 2
fi=(3)
39 3
+6 1
-2 1
+2 2
+9 1
+5 1
+3 1
+2 1
-3 1
-3 1
-3 17
+13 5
-23 20
+23 21
-23 84
+4 52
+5 24
+2 5
+16 3
+25 3
+5 2
+7 2
+1 3
+22 3
+5 2
+2 2
+2 2
+2 2
+1 1
+3 3
+2 3
+1 2
+9 2
+6 2
+1 2
+3 2
fe=(2)
1688 3
+7 2
cfi=(8)
cfn=(14)
calls=1 25 
* 29
+3 2
fi=(33) ./elf/./setup-vdso.h
24 2
fi=(35) ./elf/../sysdeps/unix/sysv/linux/dl-vdso-setup.h
+21 1
fe=(2)
1723 1
cfi=(13)
cfn=(100)
calls=1 46 
* 90
* 8
fi=(37) ./elf/./dl-main.h
109 5
cfi=(31)
cfn=(106) _dl_init_paths
calls=1 706 
* 2926
fe=(2)
1731 3
cfi=(46)
cfn=(146)
calls=1 56 
* 30
+7 1
-7 1
+2 1
+5 1
+4 1
+3 1
-3 3
+1 2
+3 1
+5 1
-7 1
+7 1
+1 3
+12 2
+1 2
+5 1
-3 2
+2 1
+1 2
+5 3
+1 5
-1 2
233 1
-1 1
+1 3
+1 2
-2 1
+2 2
1793 2
+5 1
-1 1
+1 1
+24 1
cfi=(47) ./elf/../elf/dl-tls.c
cfn=(148) _dl_count_modids
calls=1 197 
* 6
* 1
fi=(48) ./elf/../sysdeps/generic/dl-debug.h
29 3
+1 2
fe=(2)
1828 2
+1 1
cfi=(46)
cfn=(152)
calls=1 116 
* 2
+1 1
+4 3
cfi=(49)
cfn=(154) _dl_audit_activity_map
calls=1 28 
* 16
+5 3
+2 1
+2 2
+9 2
+16 4
cfi=(65)
cfn=(208)
calls=1 25 
* 9
* 2
+76 4
+16 3
85 1
1970 1
85 2
1970 2
85 1
1970 5
cfi=(66)
cfn=(210)
calls=1 159 
* 8426
92 1
1976 1
92 2
+9 2
1976 2
+1 5
-1 4
+1 6
-1 12
+4 4
+1 3
+1 1
+2 2
+1 4
-1 9
+1 9
+12 3
+1 2
+2 1
+2 3
+2 1
-4 1
+5 1
-1 2
+14 2
+1 2
+1 3
+11 2
+2 1
-2 1
+2 2
-2 1
+1 2
+1 1
-1 2
+1 1
cfi=(52)
cfn=(248)
calls=1 238 
* 4539
+10 2
+1 2
+3 2
862 1
fi=(203) ./elf/../sysdeps/unix/sysv/linux/dl-osinfo.h
64 2
fe=(2)
864 1
+6 1
+3 1
+7 1
-5 1
2052 3
2282 3
1778 2
+6 1
-6 2
+6 1
+2 3
fi=(30)
198 4
+2 1
+1 1
+2 1
-3 3
+3 1
fi=(3)
59 4
+3 4
+2 4
fi=(34) ./elf/../sysdeps/unix/sysv/linux/dl-vdso.h
-24 1
+1 2
fe=(2)
2331 1
1325 1
2342 1
-4 2
+10 1
-6 1
+6 1
+3 2
+8 1
fi=(30)
36 1
fe=(2)
2359 1
fi=(30)
37 3
+3 1
+13 6
-13 3
+9 6
-9 1
+9 20
+4 15
-16 12
+34 3
cfi=(76) ./elf/../sysdeps/x86/dl-cet.c
cfn=(268) _dl_cet_check
calls=1 252 
* 30
fe=(2)
2361 2
+54 3
+3 1
85 4
2422 1
+1 19
+2 8
+5 8
+2 8
+6 4
+2 12
+1 24
cfi=(77)
cfn=(270)
calls=3 194 
* 87874
+4 10
+1 2
-23 1
+23 1
cfi=(47)
cfn=(412) _dl_add_to_slotinfo
calls=1 1015 
* 28
-23 6
92 3
+1 1
2454 1
93 1
2454 1
+5 4
+2 1
+7 3
cfi=(47)
cfn=(414) _dl_allocate_tls_init
calls=1 528 
* 146
+3 2
fi=(3)
72 2
+10 3
+1 4
+1 4
+1 4
+2 4
+5 4
+1 4
+1 5
fi=(35)
-64 3
+3 1
+3 1
+3 1
fi=(34)
+16 2
fe=(2)
2434 1
+1 1
-3 2
+49 3
+2 4
+10 1
cfi=(129) ./elf/./elf/dl-find_object.c
cfn=(416) _dl_find_object_init
calls=1 561 
* 1128
+5 2
cfi=(7)
cfn=(424) __rtld_malloc_init_real
calls=1 76 
* 2372
+3 1
cfi=(133) ./elf/../sysdeps/nptl/dl-mutex.c
cfn=(432) __rtld_mutex_init
calls=1 30 
* 415
85 1
2507 1
+1 3
85 3
2508 2
cfi=(77)
cfn=(270)
calls=1 194 
* 4806
92 3
+9 2
2516 3
cfi=(135)
cfn=(438)
calls=1 27 
* 1309
+7 1
cfi=(9)
cfn=(464) _dl_sysdep_start_cleanup
calls=1 262 
* 2
+4 3
cfi=(49)
cfn=(466)
calls=1 40 
* 21
+5 2
cfi=(46)
cfn=(186)
calls=1 38 
* 7
+1 1
-1 1
+2 1
cfi=(46)
cfn=(152)
calls=1 116 
* 2
+1 1
+4 1
cfi=(68) ./elf/./elf/dl-cache.c
cfn=(468) _dl_unload_cache
calls=1 537 
* 18
+5 8
1741 4
1995 2
+50 2
cfn=(256) init_tls
calls=1 756 
* 784
* 2
2726 4
+2 2
+1 1
+46 2
+2 1
+1 1
-1 1
+1 1
+1 1
85 1
1847 1
85 2
1847 1
85 1
1847 2
cfn=(156)
calls=1 894 
* 3107
* 1
92 3
+9 3
1948 16
+1 1
-1 1
+4 3
+1 1
+1 2
+1 2
-7 2
fi=(30)
170 3
-39 2
fe=(2)

fn=(256)
756 3
+2 1
+4 1
-4 1
+4 2
+11 1
fi=(28)
44 1
fe=(2)
768 1
+4 1
fi=(28)
44 1
cfi=(27)
cfn=(72)
calls=1 +34 
* 36
fe=(2)
783 1
-12 1
+6 1
-9 1
+11 1
+4 1
+2 3
-1 2
+3 8
+4 1
+2 1
-2 2
-5 1
-1 2
+10 3
+3 2
cfi=(47)
cfn=(258) _dl_tls_static_surplus_init
calls=1 97 
* 79
+3 1
cfi=(47)
cfn=(260) _dl_determine_tlsoffset
calls=1 221 
* 76
+7 1
cfi=(47)
cfn=(262) _dl_allocate_tls_storage
calls=1 422 
* 442
* 1
+1 2
+6 1
+3 2
-3 1
+3 6
+3 1
cfi=(24)
cfn=(264)
calls=1 68 
* 75
+1 1
+3 5
-39 3
-1 7

fn=(250)
696 3
+2 4
cfi=(74)
cfn=(252)
calls=1 361 
* 4511
* 2
+4 2

fl=(56) ./io/../sysdeps/unix/sysv/linux/read_nocancel.c
fn=(180) __read_nocancel
25 2
+1 8
+1 2

fl=(58)
fn=(190)
29 6
+1 6
+5 9
cfi=(59)
cfn=(192)
calls=3 153 
* 24

fl=(45) ./string/./string/strdup.c
fn=(140) strdup
40 15
+1 3
cfi=(22)
cfn=(60)
calls=3 * 
* 87
* 3
fi=(204) ./string/../include/rtld-malloc.h
+15 6
cfi=(27)
cfn=(76)
calls=3 -21 
* 75
fe=(45)
-12 6
+4 3
-1 9
+1 6
-1 3
cfi=(29)
cfn=(80)
calls=3 212 
* 41

fl=(16) ./elf/../sysdeps/x86/cpu-features.c
fn=(40) update_active.constprop.0
43 7
+45 1
-41 1
+28 1
-18 1
+31 1
+4 1
-36 1
-1 1
+37 1
-26 1
-11 1
+1 1
+36 2
+1 1
-17 1
-21 1
+25 1
-4 1
-11 1
+28 1
-1 1
-36 1
+18 1
+19 1
-13 1
-4 1
-11 1
+19 1
+11 1
-3 1
-12 1
+14 1
-29 1
+18 1
+9 1
-18 1
+13 1
-13 1
-9 1
+29 2
+3 1
-14 1
-9 1
+9 1
+4 1
+10 1
-17 1
+7 1
+5 1
+5 1
+1 1
-1 1
+1 2
+2 2
+1 4
+3 1
+1 1
-1 1
+1 1
-1 1
+1 1
-1 1
+1 1
+4 2
+4 2
+2 4
+83 3
+12 2
+1 1
+3 3
+4 1
-4 1
+4 1
+67 3
+4 3
fi=(18)
31 1
-3 1
+3 1
-1 2
fe=(16)
296 1
+1 8
-75 3
+1 2
+3 1
-1 1
+9 1
-5 1
+2 1
-2 1
+5 1
fi=(18)
32 3
+4 3
fe=(16)
+83 2
+2 1
+3 2
+10 1
+10 1
-10 1
+10 1
-10 1
+6 1
+4 1
-4 1
-6 1
+6 1
+2 1
-2 1
+2 3
+7 4
fi=(18)
39 3
+1 4
+5 1
-7 1
+7 3
+2 1
+1 2
+1 3
+2 4
+1 2
+1 2
+6 1
-4 1
+4 1
-3 2
fe=(16)
+75 1
-5 2
+4 1

fn=(34) init_cpu_features.constprop.0
399 1
+16 1
-16 6
+3 1
+1 1
+1 1
+11 2
+3 6
593 1
+94 5
+1 1
+3 2
+1 1
+6 1
+3 1
fi=(19)
+5 1
+2 1
fe=(16)
-9 1
fi=(19)
+23 2
840 1
+34 1
-34 17
+33 2
+25 2
+21 2
-21 2
+13 3
+8 1
-8 1
+8 1
cfi=(10)
cfn=(24)
calls=1 402 
* 21
* 1
+2 2
+3 4
cfi=(10)
cfn=(24)
calls=1 402 
* 21
* 1
+5 2
-3 2
+3 2
cfi=(10)
cfn=(24)
calls=1 402 
* 21
* 1
+2 2
+3 4
cfi=(10)
cfn=(24)
calls=1 402 
* 21
* 1
+1 2
+22 1
-16 4
+3 3
-3 1
cfi=(10)
cfn=(24)
calls=1 402 
* 21
+3 3
-3 2
+3 10
cfi=(10)
cfn=(54)
calls=1 157 
* 58
+1 8
cfi=(10)
cfn=(54)
calls=1 157 
* 58
+1 9
cfi=(10)
cfn=(54)
calls=1 157 
* 58
+2 8
cfi=(10)
cfn=(54)
calls=1 157 
* 58
+2 9
cfi=(10)
cfn=(54)
calls=1 157 
* 58
+4 2
fe=(16)
706 1
fi=(19)
954 2
fe=(16)
706 2
fi=(19)
954 4
fe=(16)
706 1
cfi=(10)
cfn=(24)
calls=1 402 
* 19
+4 3
+14 1
-1 2
+1 3
+47 1
-1 1
+1 1
+46 4
cfi=(10)
cfn=(24)
calls=1 402 
* 19
+2 4
cfi=(10)
cfn=(24)
calls=1 402 
* 19
fi=(21) ./elf/../sysdeps/unix/sysv/linux/x86/cpu-features.c
27 6
fe=(16)
829 2
+45 8
fi=(19)
+7 11
fe=(16)
775 3
+27 2
-10 2
+1 2
+2 3
+1 2
+2 3
+1 2
fi=(19)
-75 3
cfn=(46)
calls=1 255 
* 437
+1 1
-1 2
+1 1
cfn=(46)
calls=1 255 
* 478
+1 1
-1 1
+1 1
cfn=(46)
calls=1 255 
* 503
+3 1
-3 2
+3 1
cfn=(46)
calls=1 255 
* 459
+2 1
-2 1
+2 1
cfn=(46)
calls=1 255 
* 451
+3 1
-2 1
-1 1
+3 1
cfn=(46)
calls=1 255 
* 428
+2 1
-2 1
+2 1
cfn=(46)
calls=1 255 
* 429
+3 1
-2 1
-1 1
+3 1
cfn=(46)
calls=1 255 
* 469
+2 1
-2 1
+2 1
cfn=(46)
calls=1 255 
* 470
+3 1
-3 1
+3 1
cfn=(46)
calls=1 255 
* 494
+2 1
-2 1
+2 1
cfn=(46)
calls=1 255 
* 495
+2 1
-2 1
+2 1
cfn=(46)
calls=1 255 
* 790
+2 3
-2 1
+2 1
cfn=(52)
calls=1 481 
* 215
863 11
fe=(16)
424 6
cfn=(36) get_common_indices.constprop.0
calls=1 -99 
* 71
303 3
+1 2
+1 6
+5 2
+1 6
+5 2
+1 6
429 1
cfn=(40)
calls=1 43 
* 194
+2 1
+2 1
+83 1
-85 2
564 2
+7 2
+2 1
+4 2
+6 2
422 2
-3 1
+14 3
+1 4
+69 1
+10 11
+42 1
+1 1
434 11
+55 3

fn=(36)
325 1
+4 4
+3 3
+5 2
-5 1
+5 1
-5 1
+4 1
+1 1
+1 4
+1 4
+1 3
+1 2
+7 2
+2 5
+5 1
-5 1
+5 1
-5 1
+5 1
-5 2
+5 1
+7 1
-7 4
+7 1
+1 3
+6 1
-6 4
+6 1
fi=(17) ./elf/../sysdeps/unix/sysv/linux/x86/dl-minsigstacksize.h
24 2
+3 2
+1 2
+37 3
+7 1
+2 1
fe=(16)
384 2

fl=(25)
fn=(68)
28 3
+1 3
+3 90
+13 80
-13 160
+2 164
+1 40
+5 2
-3 2
+3 2
+2 2
+7 1

fl=(14) ./elf/../sysdeps/unix/sysv/linux/brk.c
fn=(28) brk
35 1
+1 3
+1 2
+6 1
+1 1

fl=(71) ./io/../sysdeps/unix/sysv/linux/pread64_nocancel.c
fn=(232) __pread64_nocancel
25 8
+1 16
+1 4

fl=(60)
fn=(194)
47 24
+3 24
+8 48
+2 12

fl=(27)
fn=(72)
78 8
+4 8
-4 32
+7 8
+1 24
fi=(28)
-30 8
cfi=(27)
cfn=(76)
calls=8 -21 
* 235
fe=(27)

fn=(76)
35 120
+1 24
+11 24
-11 48
+11 48
+3 24
-3 24
+3 136
+18 24
+1 24
+2 96
-16 8
+1 4
+2 2
+1 14
cfi=(60)
cfn=(194)
calls=2 -12 
* 18
* 2
+2 4
+2 4
+2 2
+4 2
-4 4
-23 1
-1 1
+1 1
+1 2
-2 2

fn=(144) __minimal_free
95 3
+2 12

fl=(76)
fn=(268)
252 8
42 1
+9 1
-10 1
+4 1
-4 1
+3 1
+4 2
+1 2
-1 2
+14 2
254 8

fl=(22)
fn=(60)
41 16
+44 16
+1 16
+1 16
+1 16
+1 16
+1 16
+1 16
+2 16
+2 16
+31 16
+1 16
+1 16
+1 16
+1 16
+1 10
+2 10
+4 6
+1 6
+1 6
+1 6
+1 6
+1 6
+1 6
+1 6
+1 6
+1 6
+1 6
+1 6
+5 48

fl=(78)
fn=(282) check_match
70 109
+3 109
-3 1308
+3 432
+13 107
-13 107
+13 107
-13 107
+13 321
+3 394
cfi=(32)
cfn=(90)
calls=45 +19 
* 2239
* 90
+4 107
+1 214
+2 210
+19 210
+1 840
-38 107
+84 642
-18 4
+2 4
+1 2
-1 4
+1 6
-1 4
+16 12
-45 315
cfi=(32)
cfn=(90)
calls=105 -9 
* 2763
* 210
-44 8
+82 4

fn=(280) do_lookup_x
363 912
+1 114
-1 570
+48 114
-30 228
-11 114
+41 114
-30 342
+30 114
fi=(79) ./elf/../sysdeps/generic/dl-protected.h
44 342
fe=(78)
381 114
fi=(79)
44 456
fe=(78)
395 1068
+4 356
+4 356
-3 356
+3 1424
+1 1068
+3 356
+1 712
+7 356
-3 712
-2 356
+5 1424
+3 2492
570 750
374 714
+3 714
+4 720
+4 712
+4 712
+88 214
fi=(4)
137 214
+1 321
fe=(78)
528 214
fi=(79)
29 214
fe=(78)
535 808
+16 214
+1 107
+1 214
422 452
-1 226
+2 226
+2 1356
+13 465
-10 1310
+3 109
-1 218
+1 109
-1 109
+2 218
-1 1308
cfn=(282)
calls=109 70 
* 11096
+4 327
+3 4
573 7
+1 912
-35 36
-70 12
171 42
452 856

fn=(278)
840 1140
+10 114
-10 228
+10 114
-10 114
+10 114
204 114
840 114
204 570
581 456
-1 228
+2 114
-1 114
+1 342
-1 342
+1 1390
-1 1390
+1 4170
-1 4170
+2 114
846 114
-4 114
+1 114
+7 114
-8 114
+1 114
+7 429
+3 114
+2 228
-2 114
+6 228
-7 684
+7 35
+1 1596
cfn=(280)
calls=114 363 
* 40810
* 342
+28 114
-23 114
+23 114
-23 228
+24 626
+7 107
-7 107
+40 428
+79 214
-65 321
+3 321
-62 114
+69 1026
-86 42
+18 21
+59 2

fl=(23) ./elf/../misc/sbrk.c
fn=(62) sbrk
37 5
+3 1
+18 2
+4 2
+16 5

fl=(130) ./elf/./dl-find_object.h
fn=(420) _dl_find_object_from_map
95 10
+1 10
+1 5
+6 25
+1 151
+1 104
+2 15
+5 5

fl=(144)
fn=(474)
77 12
+1 1
+1 1
+3 3
+8 2
+25 1
+1 5
+1 2
-86 4
+86 6
-86 12
+2 20
cfn=(476) call_init.part.0
calls=3 -7 
* 199
+83 12
+7 8
-92 4
+2 6
cfn=(476)
calls=1 -7 
* 61
+52 2

fn=(476)
26 32
+13 4
-13 4
+16 4
-3 8
+3 8
+5 6
+8 9
+1 6
cob=(2)
cfi=(51)
cfn=(478)
calls=1 -56 
* 26
+3 3
+1 6
+6 2
+2 2
-2 1
+3 7
+1 4
cob=(3)
cfi=(149)
cfn=(504)
calls=1 +13 
* 12
* 4
cob=(3)
cfi=(146)
cfn=(496)
calls=1 -24 
* 80
-1 6
+3 24
-29 2

fl=(26)
fn=(82)
31 6
+2 3
-2 6
+2 3
-2 6
+2 3
cfi=(24)
cfn=(84)
calls=3 +9 
* 9
+2 23
+3 20
+2 2
+2 2
+4 2
+4 2
-4 4
+1 2
+4 2
-4 2
+1 2
+3 2
-3 2
+3 2
-1 2
cfi=(24)
cfn=(84)
calls=2 -8 
* 6
-4 1
+4 1
-4 2
+1 1
+4 1
-4 1
+1 1
+3 1
-3 1
+3 1
-1 1
cfi=(24)
cfn=(84)
calls=1 -8 
* 3
-5 2

fn=(70)
59 42
+3 6
+18 2
+3 2
-3 2
+3 2
cfi=(22)
cfn=(60)
calls=2 -42 
* 52
+4 4
-4 4
+9 4
fi=(28)
-48 6
cfi=(27)
cfn=(72)
calls=2 +34 
* 100
fe=(26)
+48 1
fi=(28)
-48 3
cfi=(27)
cfn=(72)
calls=1 +34 
* 43
* 3
fe=(26)
+51 6
+5 3
-2 3
+6 3
-4 3
+4 3
-5 3
+4 3
+1 3
-1 3
+1 6
cfi=(29)
cfn=(80)
calls=3 212 
* 44
* 6
+2 3
+13 6
+6 1
+2 7
+3 2
-3 14
+3 4
+9 3
-7 3
+4 3
+3 15
+2 1
-2 3
+2 15
-2 45
+16 6
-5 3
+5 3
-6 3
+6 3
-6 3
+6 6
+2 4
+3 4
-3 4
+7 8
+4 4
+8 2
+3 2
+10 3
-10 4
+10 6
+2 2
+21 2
-21 2
cfi=(22)
cfn=(60)
calls=2 41 
* 70
* 6
+17 2
-13 6
+50 6
cfi=(29)
cfn=(128)
calls=2 -46 
* 34
* 2
+5 4
+1 4
-1 80
+1 80
+2 4
+3 2
+3 2
+4 27
131 8
-12 4
+34 1
+7 4
+8 8
fi=(28)
56 4
cfi=(27)
cfn=(76)
calls=2 -21 
* 50
* 2
fe=(26)
200 8
64 2
+2 3
+1 2
+10 5
-6 2

fl=(129)
fn=(416)
561 4
+3 1
+2 2
+7 2
+6 1
cfn=(418) _dlfo_process_initial
calls=1 474 
* 242
+1 1
-1 1
+1 1
fi=(28)
56 1
cfi=(27)
cfn=(76)
calls=1 -21 
* 25
fe=(129)
580 1
fi=(28)
56 1
fe=(129)
582 2
+3 2
+5 1
+1 1
cfn=(418)
calls=1 474 
* 511
+3 3
+10 4
-8 2
cfn=(422) _dlfo_sort_mappings
calls=1 -60 
* 312
+3 6
+2 1

fn=(422)
536 1
+1 2
+3 4
+4 1
+1 1
-1 1
+1 2
-1 5
+1 5
-1 5
+1 22
+1 109
-1 63
+8 18
+1 12
-1 6
-13 12
+14 18
+1 12
-15 12
+17 1

fn=(418)
474 2
+3 2
-3 2
+1 2
+3 4
+26 14
+1 6
+1 8
-1 16
+3 28
+3 24
-7 10
+25 2
+2 8
-18 18
+3 6
-1 6
cfi=(130)
cfn=(420)
calls=3 95 
* 189
+2 12
-36 6
cfi=(130)
cfn=(420)
calls=2 95 
* 136
+5 2
-1 2
+1 6
+1 82
+1 52
+2 24
+3 8
+2 4
-2 8
+2 4
-2 12
+2 32
+4 16

fl=(64)
fn=(204)
25 3
+1 12
+1 3

fl=(31)
fn=(176) open_verify.constprop.1
1568 11
+39 3
+19 4
cfi=(55)
cfn=(178)
calls=1 28 
* 19
* 1
+2 2
+11 1
+6 2
-5 1
+5 8
cfi=(56)
cfn=(180)
calls=1 25 
* 6
+2 2
+2 2
+2 2
+6 2
+17 11
fi=(28)
50 2
cfi=(27)
cfn=(144)
calls=1 +45 
* 5
fe=(31)
1856 9
1674 3
+74 2
+5 2
+2 4
+6 2
+6 1
+1 1
-1 3
+1 1
-1 1
+1 2
+1 2
+20 3
+31 1
-31 1
1633 1
1820 2
-31 66
+1 28
+1 8
+4 8
+25 12
+3 18
+3 2
-4 2
+4 4
+6 4
-36 6

fn=(184) _dl_map_object_from_fd
944 20
+10 2
-10 8
+10 2
cfi=(46)
cfn=(186)
calls=2 38 
* 14
* 2
+7 8
+85 8
+10 4
+7 14
cfi=(26)
cfn=(70)
calls=2 59 
* 766
* 2
+1 4
+11 4
+5 2
-5 2
+1 4
+1 2
+2 2
-2 2
+2 4
+1 6
+1 2
+19 2
-2 1
+2 12
-2 1
+2 30
+10 8
+85 2
-58 2
-34 2
-1 2
+93 2
+6 2
-64 4
+9 2
+55 4
-55 2
-42 2
+97 4
1101 2
-5 4
+15 60
+20 2
+1 1
-22 69
+1 127
1213 4
1110 2
1213 4
1110 6
1218 6
+10 4
+1 2
-1 2
+1 2
-1 6
+1 6
-1 6
+1 6
-1 18
1076 4
1235 4
+10 8
+7 4
fi=(61) ./elf/./dl-map-segments.h
96 2
fe=(31)
1252 6
fi=(61)
28 2
fe=(31)
1252 2
fi=(61)
96 2
fe=(31)
1252 2
fi=(61)
28 4
+1 16
cfi=(60)
cfn=(194)
calls=2 +18 
* 18
+74 4
-1 2
-73 2
+74 2
+3 4
+1 2
+2 2
-3 2
+1 2
+2 2
+17 2
+2 2
fi=(62) ./elf/./dl-load.h
-37 16
+1 6
+2 16
fi=(61)
+56 32
+8 2
-2 2
+1 2
+2 2
-1 2
+1 2
-1 6
+8 4
+3 4
+8 14
cfi=(44)
cfn=(132)
calls=2 -52 
* 237
+1 4
+5 4
+12 8
-59 40
+2 12
+3 6
-3 12
+2 48
cfi=(60)
cfn=(194)
calls=6 -93 
* 54
* 18
fi=(57) ./elf/../sysdeps/posix/dl-fileid.h
37 6
cfi=(58)
cfn=(190)
calls=2 -8 
* 30
* 4
fe=(31)
999 4
fi=(57)
40 6
fe=(31)
999 2
fi=(57)
40 2
fe=(31)
999 23
+1 10
fi=(57)
49 12
fe=(31)
1515 18
1018 4
+66 13
+1 2
-1 1
+1 1
-1 1
+1 1
cfi=(71)
cfn=(232)
calls=1 25 
* 7
* 2
+26 26
+26 48
+10 8
-1 8
-1 8
+2 8
+2 8
-2 8
-1 48
+2 16
+1 8
+2 8
-3 8
+3 48
+2 16
+4 16
+1 30
+4 6
+1 6
-1 6
+1 42
-18 6
+28 6
-11 2
+1 2
-1 2
+1 14
-18 2
+28 2
-56 4
+7 2
+2 2
-2 2
+1 2
+1 2
-1 4
+1 16
+50 3
+5 1
-1 2
+5 1
-5 2
-56 1
+61 4
+1 1
+3 1
-3 1
+8 4
+15 4
+1 2
+58 8
+1 6
fi=(63) ./elf/./elf/get-dynamic-info.h
39 4
+6 2
-2 2
+2 4
+9 2
+5 2
+3 2
+2 2
-3 2
-3 2
-3 28
+13 8
-23 32
+23 29
-23 116
+4 74
+5 40
+2 10
+3 8
+13 8
+10 7
+1 8
+1 8
+1 8
+2 8
+5 7
+1 7
+1 8
+3 6
+5 2
+7 4
+1 6
+22 6
+5 2
+2 2
+2 2
+2 2
+4 6
+2 3
+1 2
+9 2
+6 2
+4 4
fe=(31)
1275 4
+1 4
+2 4
+10 6
+19 6
+2 10
+52 6
+1 2
+6 16
+1 42
+6 8
cfn=(88)
calls=2 868 
* 40
-7 54
+1 25
+6 25
-6 50
fi=(30)
95 16
213 2
-1 4
105 4
212 2
105 2
-2 2
-3 2
+2 2
+3 2
-4 4
+92 8
-1 2
-87 6
+3 6
+1 4
+1 4
+4 6
+4 6
+3 6
+1 4
+4 2
+1 8
+58 6
+2 8
-56 6
+1 3
+3 6
+3 3
+1 12
+5 6
+2 6
+5 6
+14 3
-1 6
+2 2
-1 4
fe=(31)
1380 4
cfi=(64)
cfn=(204)
calls=2 25 
* 12
* 4
+13 4
+2 8
+2 4
+16 4
cfi=(8)
cfn=(14)
calls=2 25 
* 58
+4 4
+1 4
+17 4
+1 1
+3 1
+5 1
-5 1
+5 1
-5 1
+5 1
-5 1
+5 1
+10 4
+7 12
+10 4
+1 4
+5 2
cfi=(47)
cfn=(236) _dl_assign_tls_modid
calls=1 131 
* 10
+7 6
cfi=(26)
cfn=(82)
calls=2 31 
* 94
+3 8
+23 14
+1 6
cfi=(49)
cfn=(206) _dl_audit_objopen
calls=2 76 
* 10
* 2
fi=(62)
95 5
+2 1
-1 2
+1 1
-1 1
+1 1
-1 1
+1 1
-1 2
+3 4
fe=(31)
1506 10
fi=(30)
198 8
+2 2
+1 2
+2 2
-3 6
fe=(31)
1368 6
fi=(63)
62 8
+2 8
fe=(31)
1084 2
fi=(61)
187 8
cfi=(60)
cfn=(194)
calls=1 47 
* 9
+3 2
fe=(31)
1462 6
+2 1
-1 5
+1 1
-1 1
+1 1
-1 1
cfi=(32)
cfn=(90)
calls=1 108 
* 25
* 2
+2 5
1275 2
fi=(57)
49 3
fi=(30)
170 3
-39 2
fe=(31)

fn=(172)
2022 30
+8 6
+1 12
+3 42
+5 49
+2 21
cfi=(54)
cfn=(174)
calls=7 68 
* 801
* 14
+4 12
+1 18
+4 2
-1 10
+1 2
+1 2
-1 2
+1 2
cfi=(32)
cfn=(90)
calls=2 108 
* 77
* 4
2329 27
2068 2
+1 2
-1 2
+1 2
-1 2
+1 2
-1 4
-44 2
+53 6
+17 4
-2 2
+2 2
cfi=(42)
cfn=(118)
calls=2 23 
* 48
* 4
2260 2
-1 3
cfn=(138) expand_dynamic_string_token
calls=1 385 
* 168
+2 1
-3 1
+1 1
+2 2
+4 5
cfn=(176)
calls=1 1568 
* 283
+3 2
-3 1
+3 1
+12 4
+46 1
+1 3
-1 1
+1 9
cfn=(184)
calls=1 944 
* 1819
-1 1
+1 3
-1 1
+1 9
cfn=(184)
calls=1 944 
* 2200
* 6
2098 2
cfi=(22)
cfn=(60)
calls=1 41 
* 17
* 2
+2 2
+7 4
+51 11
cfn=(216) open_path
calls=1 1870 
* 1656
+6 1
-6 1
+6 4
682 1
2165 1
682 2
2252 2
+28 4
+2 4
2111 1
696 3
2111 1
+1 1
696 2
2116 3
682 1
2117 1
682 2
2173 1
+14 2
+2 3
+4 2
cfi=(68)
cfn=(222) _dl_load_cache_lookup
calls=1 416 
* 1523
* 1
+2 2
+4 2
+8 3
+23 6
cfn=(218) open_verify.constprop.0
calls=1 1568 
* 396
+4 2
-4 1
+4 1
+1 2
2131 5
+1 10
682 1
2133 1
682 2
2157 3
+1 2
-16 2

fn=(218)
1568 121
+39 33
+19 44
cfi=(55)
cfn=(178)
calls=11 28 
* 239
* 11
+2 22
+11 1
+6 2
-5 1
+5 8
cfi=(56)
cfn=(180)
calls=1 25 
* 6
+2 2
+2 2
+2 2
+6 2
+17 11
fi=(28)
50 2
cfi=(27)
cfn=(144)
calls=1 +45 
* 5
fe=(31)
1856 99
1674 3
+74 2
+5 2
+2 4
+6 2
+6 1
+1 1
-1 3
+1 1
-1 1
+1 2
+21 3
+31 1
-31 1
1633 1
1820 2
-31 48
+1 24
+1 8
+4 8
+6 4
+1 28
+10 12
cfi=(71)
cfn=(232)
calls=2 25 
* 14
* 16
+8 18
+15 2
+6 1
-3 1
+1 1
+1 1
+1 2
-3 1
+1 1
+1 1
+2 1
-3 3
-1 1
+4 2
-19 18
+3 2
-4 2
+4 4
+5 1
+1 4
-60 13
+1 3
-1 1
+1 3
cfi=(71)
cfn=(232)
calls=1 25 
* 7
* 3
+16 5
1612 20
+62 3
1802 4
-30 2

fn=(216)
1870 8
+1 1
-1 6
+1 1
+6 2
+5 16
-7 2
+7 1
-8 1
+8 2
+3 2
+9 6
+7 3
+1 1
-1 1
cfi=(29)
cfn=(128)
calls=1 199 
* 13
-12 1
+12 1
+59 5
-58 4
+3 20
+5 80
cfi=(29)
cfn=(128)
calls=10 199 
* 134
* 40
cfi=(29)
cfn=(128)
calls=10 199 
* 130
+3 20
+6 30
+3 60
cfn=(218)
calls=10 1568 
* 540
* 10
+2 30
+2 20
+65 8
+7 2
-2 2
+2 2
+3 3
-13 1
+27 9
1902 58
+29 20
+1 70
+6 20
+2 10
-2 10
+2 20
cfi=(67) ./io/../sysdeps/unix/sysv/linux/stat64.c
cfn=(220) stat
calls=10 28 
* 158
* 10
+3 10
-3 20
+1 1
+2 2
-2 1
+2 26
-61 2

fn=(212)
238 4
+3 2
-3 4
+7 2
-7 4
+3 2
cfi=(42)
cfn=(118)
calls=2 23 
* 72
+3 4
+20 14

fn=(106)
706 11
+14 1
-14 2
+14 2
cfi=(38)
cfn=(108)
calls=1 175 
* 1847
fi=(28)
56 1
fe=(31)
720 1
fi=(28)
56 1
cfi=(27)
cfn=(76)
calls=1 -21 
* 25
fe=(31)
725 1
+2 2
+7 2
+1 2
-1 3
+5 3
fi=(28)
56 1
cfi=(27)
cfn=(76)
calls=1 -21 
* 25
fe=(31)
739 1
+2 4
+17 1
-10 1
+19 1
-11 1
-9 1
+9 1
+12 2
-10 1
+3 2
+9 1
-7 1
+4 1
+3 2
-3 1
-8 1
+3 1
+8 1
-3 1
+1 16
cfi=(44)
cfn=(132)
calls=4 125 
* 72
+2 18
-14 3
+10 3
+4 3
-12 3
-2 3
+2 3
+4 3
-3 3
+3 3
+1 3
-2 3
+5 6
+1 3
-4 3
+4 3
+15 1
+3 1
-15 1
+7 1
-1 1
+9 2
+2 4
+2 3
+36 5
+2 2
cfi=(22)
cfn=(60)
calls=1 41 
* 17
* 9
-19 1
-2 1
+2 2
+19 9
cfi=(29)
cfn=(80)
calls=1 212 
* 11
* 1
+5 4
-1 2
+2 1
+1 2
-2 4
+1 13
+1 26
-2 52
+5 1
fi=(28)
56 1
cfi=(27)
cfn=(76)
calls=1 -21 
* 25
fe=(31)
836 1
fi=(28)
56 1
fe=(31)
838 2
+6 6
cfn=(134) fillin_rpath.isra.0
calls=1 468 
* 587
+3 3
+6 1
+4 8
-35 2
+5 2

fn=(88)
868 3
+8 3
-8 3
+8 3
-6 3
+12 6
-13 3
+13 3
-13 3
+13 6
+3 9
+1 6
+1 6
+43 3

fn=(138)
385 14
241 2
385 2
241 2
385 2
241 2
cfi=(42)
cfn=(118)
calls=2 23 
* 72
+3 4
410 2
-11 2
+11 12
-11 2
cfi=(45)
cfn=(140)
calls=2 40 
* 168

fn=(134)
468 7
+4 1
-4 8
+6 3
cfi=(7)
cfn=(136) strsep
calls=1 239 
* 240
* 3
cfi=(7)
cfn=(136)
calls=1 239 
* 8
* 6
+7 2
+2 3
cfn=(138)
calls=1 -98 
* 118
* 1
+4 2
+5 2
cfi=(22)
cfn=(60)
calls=1 41 
* 17
* 1
+1 2
+7 5
+9 15
+1 8
+55 2
fi=(28)
50 2
cfi=(27)
cfn=(144)
calls=1 +45 
* 5
+1 1
fe=(31)
528 2
+4 3
fi=(28)
56 1
cfi=(27)
cfn=(76)
calls=1 -21 
* 25
* 1
fe=(31)
534 2
+5 1
+1 2
-1 1
-1 1
+2 1
cfi=(29)
cfn=(128)
calls=1 199 
* 13
+3 1
-3 1
+1 1
+2 1
+6 1
+1 1
-1 3
+1 11
+1 1
-1 1
+1 2
-1 2
+1 1
-1 1
+1 2
-1 6
+1 1
-1 1
+1 1
-1 3
+1 1
-1 2
+3 1
+1 1
-1 1
+1 2
+1 1
+6 2
+1 2
-57 4
+66 1
+3 8
-46 4

fl=(49)
fn=(154)
28 6
+2 1
-1 1
+1 2
+6 6

fn=(586)
117 1
+1 4

fn=(206)
76 2
+1 8

fn=(466)
40 6
+4 3
-4 3
+4 3
-4 3
+4 3
-4 6
+4 3
+1 3
+1 12
+4 18

fn=(776)
96 4
+1 16

fl=(36)
fn=(102)
120 5
+2 1

fl=(9)
fn=(16)
85 4
+25 1
-25 6
+25 1
-1 1
+1 255
+11 1
-8 1
+1 1
-4 1
+3 1
+6 1
+2 13
-34 1
-1 1
+36 113
+3 1
+1 1
-5 85
+57 1
-57 1
+58 1
-1 1
-57 3
+29 1
-29 1
+30 1
-1 1
-29 3
+41 1
-41 1
+42 1
-1 1
-41 3
+35 1
-35 1
+36 1
-1 1
-35 3
+32 1
-32 1
+33 1
-1 1
-32 4
+13 1
-13 1
+14 1
-1 1
-13 3
+10 1
-10 1
+11 1
-1 1
-10 3
+7 1
-7 4
224 1
cfi=(10)
cfn=(18)
calls=1 +55 
* 43000
+3 1
cfi=(12)
cfn=(22) _dl_sort_maps_init
calls=1 +52 
* 32
fi=(13)
36 2
cfi=(14)
cfn=(28)
calls=1 -1 
* 8
fi=(6)
215 1
cfi=(15)
cfn=(32) _dl_x86_init_cpu_features
calls=1 37 
* 7211
fe=(9)
+23 3
+1 1
cfi=(22)
cfn=(60)
calls=1 41 
* 17
* 1
+2 2
cfi=(23)
cfn=(62)
calls=1 37 
* 15
* 3
+12 3
+3 5
cfi=(2)
cfn=(64)
calls=1 1320 
* 120724
+2 9

fn=(464)
262 1
+1 1

fl=(133)
fn=(432)
30 2
+10 3
-10 1
+10 2
-10 1
+7 1
+3 2
cfi=(134)
cfn=(434)
calls=1 +34 
* 175
+4 2
+1 8
+2 3
-2 1
+2 3
cfi=(134)
cfn=(434)
calls=1 +27 
* 198
+4 2
+1 6
+1 2
-1 1
+1 2

fl=(32)
fn=(90)
108 203
+33 203
+1 203
+2 203
+1 203
+21 203
+1 203
+1 173
+1 173
+1 151
+1 151
+1 151
+1 151
+21 151
+1 151
+1 151
+1 151
+1 151
+1 151
+1 151
+5 5
+1 15
+9 5
+1 5
+1 5
+1 5
+1 5
+1 5
+1 5
+1 5
-7 52
+1 52
+1 52
+1 52
+1 52
+1 52
+1 52
+1 52
+1 51
+1 32
+1 32
+1 32
+2 32
+1 32
+1 32
+1 32
+1 32
+1 32
-5 19
+1 19
+1 19
+1 19
+1 19
+1 19
+10 6
+1 6
+1 6
+2 6
+6 6
+1 6
+1 6
+1 6
+1 6
+5 6
+2 3
+1 3
+1 6
+8 3
+1 3
+3 3
+1 3
+1 3
+1 3
+1 3
+1 3
444 1
+1 1
+1 1
+1 1
+1 1
+2 1
+1 1
+1 1
+1 1
+1 1
+1 1
+1 1
+1 1
+3 1
+1 1
+1 1
+6 1
+1 1
+1 2
+4 1
+1 1
+3 1
+1 1
+1 1
+3 1
+1 1
+1 1
+6 1
+1 1
+1 1
+1 1
+1 1
+1 1
693 1
+1 1
+1 1
+1 1
+1 1
+2 1
+1 1
+1 1
+1 1
+1 1
+1 1
+1 1
+1 1
+4 1
+1 1
+1 1
+6 1
+1 1
+1 2
+4 1
+1 1
+3 1
+1 1
+1 1
+3 1
+1 1
+1 1
+6 1
+1 1
+1 1
+1 1
+1 1
+1 1
943 1
+1 1
+1 1
+1 1
+1 1
+2 1
+1 1
+1 1
+1 1
+1 1
+1 1
+1 1
+1 1
+4 1
+1 1
+1 1
+6 1
+1 1
+1 2
+4 1
+1 1
+3 1
+1 1
+1 1
+3 1
+1 1
+1 1
+6 1
+1 1
+1 1
+1 1
+1 1
+1 1
+72 7
+1 7
+1 7
+1 7
+1 7
+2 7
+1 7
+1 7
+1 7
+1 7
+1 7
+1 7
+1 3
+4 3
+1 3
+1 3
+6 3
+1 3
+1 6
+4 3
+1 3
+3 3
+1 3
+1 3
+3 3
+1 3
+1 3
+6 3
+1 3
+1 3
+1 3
+1 3
+1 3
+7 1
+1 1
+2 1
+1 1
+2 1
+1 1
+1 1
+3 1
+1 1
+1 1
+6 1
+1 1
+1 1
+1 1
+1 1
+1 1
+13 1
+1 1
+1 1
+1 1
+7 1
+1 1
+1 1
+16 4
+1 4
+1 4
+1 4
+1 4
+2 4
+1 4
+1 4
+1 4
+1 4
+1 4
+1 4
+1 1
+4 1
+1 1
+1 1
+6 1
+1 1
+1 2
+4 1
+1 1
+3 1
+1 1
+1 1
+3 1
+1 1
+1 1
+6 1
+1 1
+1 1
+1 1
+1 1
+1 1
+72 3
+1 3
+1 3
+1 3
+1 3
+2 3
+1 3
+1 3
+1 3
+1 3
+1 3
+1 3
+1 2
+4 2
+1 2
+1 2
+6 2
+1 2
+1 4
+4 2
+1 2
+3 2
+1 2
+1 2
+3 2
+1 2
+1 2
+6 2
+1 2
+1 2
+1 2
+1 2
+1 2
+72 1
+1 1
+1 1
+1 1
+1 1
+2 1
+1 1
+1 1
+1 1
+1 1
+1 1
+1 1
+1 1
+4 1
+1 1
+1 1
+6 1
+1 1
+1 2
+4 1
+1 1
+3 1
+1 1
+1 1
+3 1
+1 1
+1 1
+6 1
+1 1
+1 1
+1 1
+1 1
+1 1
+72 1
+1 1
+1 1
+1 1
+1 1
+2 1
+1 1
+1 1
+1 1
+1 1
+1 1
+1 1
1693 10
+1 10
+1 10
+1 10
+1 10
+2 10
+1 10
+1 10
+1 10
+1 10
+1 10
+1 10
+1 6
+4 6
+1 6
+1 6
+6 6
+1 6
+1 12
+4 6
+1 6
+3 6
+1 6
+1 6
+3 6
+1 6
+1 6
+6 6
+1 6
+1 6
+1 6
+1 6
+1 6
+72 3
+1 3
+1 3
+1 3
+1 3
+2 3
+1 3
+1 3
+1 3
+1 3
+1 3
+1 3
+1 2
+4 2
+1 2
+1 2
+6 2
+1 2
+1 4
+4 2
+1 2
+3 2
+1 2
+1 2
+3 2
+1 2
+1 2
+6 2
+1 2
+1 2
+1 2
+1 2
+1 2
+72 2
+1 2
+1 2
+1 2
+1 2
+2 2
+1 2
+1 2
+1 2
+1 2
+1 2
+1 2
+1 2
+4 2
+1 2
+1 2
+6 2
+1 2
+1 4
+4 2
+1 2
+3 2
+1 2
+1 2
+3 2
+1 2
+1 2
+6 2
+1 2
+1 2
+1 2
+1 2
+1 2
+72 17
+1 17
+1 17
+1 17
+1 17
+2 17
+1 17
+1 17
+1 17
+1 17
+1 17
+1 17
+2 6
+4 6
+1 6
+1 6
+6 6
+1 6
+2 12
+4 6
+1 6
+3 6
+1 6
+1 6
+3 6
+1 6
+1 6
+6 6
+1 6
+1 6
+1 6
+1 6
+1 6
+74 29
+2 29
+1 29
+1 29
+1 29
-3 28
+1 28
+1 28
+1 28
+1 64
+5 32
+6 32
+1 32
+8 32
+1 32
-16 171
+6 171
+1 171
+8 171
+1 171

fl=(12)
fn=(246) dfs_traversal.part.0
140 64
+8 8
-2 8
+2 16
+2 20
+3 20
-3 40
+9 16
+15 24
+1 8
+1 48
-17 12

fn=(22)
279 2
+1 4
cfi=(10)
cfn=(24)
calls=1 402 
* 20
+2 3
-1 1
+2 2

fn=(244)
288 20
+8 2
-8 2
+8 4
+4 16
-79 4
-37 2
+37 2
-36 8
+1 2
-1 2
+1 2
-1 4
+1 6
-1 6
+1 6
-1 12
+36 30
+8 6
-3 2
+2 2
+1 2
-8 2
+5 2
+3 8
+2 18
+2 8
-90 40
cfn=(246)
calls=8 -3 
* 284
+93 16
+18 4
+13 2
+33 2
-26 8
cfi=(29)
cfn=(80)
calls=2 -62 
* 22
* 2

fl=(67)
fn=(220)
28 20
+1 40
cfi=(59)
cfn=(192)
calls=10 153 
* 98

fl=(47)
fn=(260)
221 8
+6 3
+3 2
+36 3
+2 1
-2 1
-2 1
-40 1
-1 1
-1 1
+46 2
+23 3
+3 1
-3 4
+2 2
-2 1
-25 1
+20 1
-20 5
+2 2
+3 1
-1 1
+5 2
-5 1
+1 1
-1 1
+3 2
+2 3
+32 3
-1 1
+1 4
+2 2
-2 2
+53 8

fn=(414)
528 10
+1 2
+4 1
+6 1
-6 1
+6 1
cfi=(24)
cfn=(84)
calls=1 42 
* 3
+3 3
+12 1
-18 1
-1 1
+43 3
-19 13
+9 3
+1 2
+6 3
+1 1
+2 2
-2 1
+6 1
-4 2
+4 1
-4 2
+3 2
+4 2
+1 4
+2 2
+1 2
+17 1
-8 1
+8 1
+2 3
cfi=(29)
cfn=(128)
calls=1 199 
* 13
* 5
cfi=(44)
cfn=(132)
calls=1 125 
* 25
-49 1
+55 1
-55 4
+6 4
+55 2
cfi=(24)
cfn=(84)
calls=1 42 
* 3
+3 2
+3 9

fn=(236)
131 2
+3 1
+13 1
-13 1
+52 1
+2 1
+3 1
+1 2

fn=(258)
97 2
+4 1
-4 2
+4 1
-4 2
+4 3
cfi=(10)
cfn=(24)
calls=1 402 
* 21
* 1
+1 4
cfi=(10)
cfn=(24)
calls=1 402 
* 21
* 1
+8 1
-8 1
+6 2
+2 3
+3 1
+2 1
-32 3
+34 3
+1 5

fn=(412)
1015 8
+6 1
+3 1
+1 1
+4 3
+34 2
+3 3
+1 3
+3 6

fn=(262)
422 2
+13 1
-13 2
+2 1
+12 1
fi=(28)
56 1
cfi=(27)
cfn=(76)
calls=1 -21 
* 53
fe=(47)
437 3
+8 2
fi=(28)
44 1
fe=(47)
445 2
+1 1
+4 321
+19 1
-99 1
+4 1
+1 1
fi=(28)
44 1
cfi=(27)
cfn=(72)
calls=1 +34 
* 36
fe=(47)
376 2
+3 1
+6 2
+90 5

fn=(148)
197 1
+2 2
+1 1
+15 2

fl=(29)
fn=(80)
212 17
+1 17
+6 17
+1 17
+2 10
+1 10
+1 10
+2 7
+1 7
+1 7
+2 7
360 7
+1 7
+2 1
+4 1
+1 1
+1 1
+1 1
+1 1
+4 1
+2 1
+39 6
+1 6
+1 6
+1 6
+1 6
+7 3
+1 3
+1 3
+1 3
+1 3
+1 3
+1 3
+11 3
+1 3
+2 3
+1 3
+1 3

fn=(128)
199 32
+1 32
+1 32
+1 32
+17 32
+1 32
+2 6
+1 6
+1 6
+2 5
+1 5
+1 5
+2 5
360 26
+1 26
+2 8
+4 8
+1 3
+1 3
+1 2
+1 2
+1 2
+1 2
+2 2
+2 3
+6 5
+1 5
+1 5
+1 5
+1 5
+29 18
+1 18
+1 18
+1 18
+1 18
+7 1
+1 1
+1 1
+1 1
+1 1
+1 1
+1 1
+11 1
+1 1
+2 1
+1 1
+1 1

fl=(128)
fn=(410)
117 20
+5 4

fn=(470) munmap
117 5
+5 1

fl=(68)
fn=(230) _dl_cache_libcmp
370 11
+1 11
+32 11
-33 22
+1 26
+2 58
+2 58
-2 116
+20 112
+2 112
-12 47
+2 47
+14 47
+1 47
-29 94
+32 6
-28 4
+8 2
-2 4
+1 4
-1 2
+2 6
+2 2
-3 2
+3 6
+2 4
+9 27

fn=(468)
537 1
+1 4
-1 1
+3 2
cfi=(128)
cfn=(470)
calls=1 117 
* 6
+1 1
+4 1
+2 2

fn=(222)
416 10
+2 2
+3 3
+74 1
208 1
495 2
+3 3
fi=(70) ./elf/../sysdeps/x86/dl-procinfo.h
39 2
+3 3
cfi=(32)
cfn=(90)
calls=1 +66 
* 25
* 4
fe=(68)
212 6
cfi=(10)
cfn=(24)
calls=1 402 
* 21
* 1
+16 2
-16 1
+6 2
+10 1
-7 5
+9 3
+1 1
-37 2
+37 1
+4 2
-5 24
+1 8
-37 16
+37 8
+4 16
+4 27
cfn=(230)
calls=9 370 
* 668
+1 18
359 8
+3 8
228 8
360 4
228 11
+2 5
+20 4
+3 4
+2 8
cfn=(230)
calls=2 370 
* 220
* 4
+2 1
-9 4
-30 2
+1 1
+95 1
-95 1
-1 8
+96 3
-47 2
+10 2
+1 3
fi=(69) ./elf/../sysdeps/generic/dl-cache.h
125 5
fe=(68)
294 2
+9 2
+3 2
+2 3
+1 2
+5 2
+1 4
+7 2
+21 4
513 2
+12 2
cfi=(22)
cfn=(60)
calls=1 41 
* 35
* 12
+1 1
-1 1
+1 1
-1 1
+1 1
cfi=(29)
cfn=(80)
calls=1 212 
* 11
* 1
+1 1
cfi=(45)
cfn=(140)
calls=1 40 
* 89
+1 8
-3 2
424 4
cfi=(54)
cfn=(224)
calls=1 36 
* 91
* 1
+8 5
+1 8
+3 4
+1 1
-1 3
fi=(69)
194 1
+1 5
fe=(68)
444 1
+1 2

fl=(15)
fn=(436)
71 1
-32 3
+32 2

fn=(32)
37 1
+2 3
+2 1
cfi=(16)
cfn=(34)
calls=1 399 
* 7206

fl=(7)
fn=(424)
76 2
+10 1
fi=(131) ./elf/../sysdeps/generic/dl-hash.h
-41 1
fe=(7)
+31 1
fi=(131)
-32 1
fe=(7)
+32 5
+11 1
-1 1
fi=(131)
-43 1
+5 3
+14 4
-17 3
+3 15
+14 20
-17 15
fe=(7)
+46 2
fi=(131)
-24 1
fe=(7)
+22 1
+2 2
fi=(131)
-19 1
fe=(7)
+19 1
cfn=(428) lookup_malloc_symbol
calls=1 -30 
* 575
+1 3
-1 1
+1 1
cfn=(428)
calls=1 -31 
* 575
+1 3
-1 1
+1 1
cfn=(428)
calls=1 -32 
* 561
+1 3
-1 1
+1 1
cfn=(428)
calls=1 -33 
* 553
+5 1
+1 1
+1 1
+1 1
+1 7

fn=(12)
42 1
+1 2
+1 2
+1 2
+1 2
+1 1

fn=(136)
239 2
+3 4
+2 2
+1 4
+4 33
+7 84
-2 56
+13 1
+4 4
-22 14
+15 14
-15 30

fn=(428)
61 8
+3 4
-3 16
+3 4
-3 4
+3 8
-1 4
+1 12
cfi=(78)
cfn=(278)
calls=4 840 
* 2104
+4 28
+1 28
+2 4
fi=(132) ./elf/./dl-sym-post.h
-30 8
+12 12
fe=(7)
+19 20

fl=(43)
fn=(124)
22 1
+5 1
+1 1
+1 1
+1 1
+1 1
+1 1
+1 1
+1 1
+3 1
+1 1
+1 1
+1 1
+1 1
+1 1
+1 1
+1 1
+1 1
+2 1
+1 1
+17 1
+1 1
+17 1
+1 1
+1 1
+1 1
+1 1
+4 1
+47 1
+1 1
+1 1
+1 1
+1 1
+1 1
+1 1
+1 1
+1 1
+1 1
+1 1
+1 1
+1 1

fl=(53)
fn=(168)
30 3
+2 3
+9 3
+1 6
+1 3
+4 3
+1 3
+1 3
+1 3
+1 3
+2 6
+2 3
+1 3
+1 3
+2 6
+2 3
+8 3
+3 3
+1 3
+7 3
+1 3

fl=(134)
fn=(434)
74 30
+2 3
-2 3
+4 3
-4 3
+2 3
+2 9
+37 3
-37 9
+1 6
+2 12
+3 25
-52 3
+54 6
-54 3
+54 3
-54 9
+1 9
+2 6
+1 6
+12 12
+3 3
+2 3
-2 3
+2 9
cfi=(32)
cfn=(90)
calls=3 +55 
* 207
* 6
+4 6
+1 3
-1 3
+1 18
+1 9
cfi=(32)
cfn=(90)
calls=3 +49 
* 75
* 6
+57 27
-23 6

ob=(5)
fl=(150)
fn=(698) HashTableFindWord(HashTable*, char*)
0 51370
cfn=(676) GetCrc32HashAVX(char*)
calls=5137 0 
0 71918
0 164171
cob=(3)
cfi=(180)
cfn=(702)
calls=18316 83 
0 397068
0 18316
0 77728

fn=(610) ListCtor(List*, int)
0 19019
cob=(3)
cfi=(154)
cfn=(602)
calls=1001 3624 
0 222222
0 1001
0 24024

fn=(526)
0 5
cob=(3)
cfi=(153)
cfn=(530)
calls=1 85 
0 2224
0 1
0 3

fn=(614) ReadAllFile(_IO_FILE*, char**)
0 11
cfn=(616) GetFileSizeFromStat(_IO_FILE*)
calls=1 0 
0 65
0 4
cob=(3)
cfi=(154)
cfn=(630)
calls=1 3520 
0 353
0 1
0 6
cob=(3)
cfi=(175)
cfn=(640)
calls=1 31 
0 1009
0 1
0 10

fn=(616)
0 32
cob=(3)
cfi=(171)
cfn=(620)
calls=1 32 
0 7
0 1
0 3
cob=(3)
cfi=(172)
cfn=(624)
calls=1 29 
0 15
0 1
0 6

fn=(696) HashTableFindAllWords(HashTable*)
0 14999
cfn=(698)
calls=997 0 
0 69858
0 24840
cfn=(698)
calls=4140 0 
0 710713
0 23558

fn=(730) HashTableDtor(HashTable*)
0 14
cfn=(732) ListDtor(List*)
calls=1 0 
0 152
0 5000
cfn=(732)
calls=1000 0 
0 166480
0 2005
cob=(3)
cfi=(154)
cfn=(736)
calls=1 3352 
0 157
0 1
0 6

fn=(732)
0 8008
cob=(3)
cfi=(154)
cfn=(736)
calls=1001 3352 
0 152618
0 1001
0 5005

fn=(598) HashTableCtor(HashTable*, int)
0 16
cob=(3)
cfi=(154)
cfn=(602)
calls=1 3624 
0 32277
0 1
0 5003
cfn=(610)
calls=1000 0 
0 266000
0 3
cfn=(610)
calls=1 0 
0 266
0 2007

fn=(672) HashTablePushWordAVX(HashTable*, char*)
0 263024
cfn=(674) HashTableFindWordAVX(HashTable*, char*)
calls=32878 0 
0 1800781
0 76030
cfn=(676)
calls=5137 0 
0 71918
0 41096
cfn=(678) ListPushBack(List*, char*)
calls=5137 0 
0 1622503
0 164390

fn=(704) HashTableMakeCSV(HashTable*, _IO_FILE*)
0 23
cob=(3)
cfi=(181)
cfn=(708)
calls=1 25 
0 8426
0 1
0 10000
cob=(3)
cfi=(181)
cfn=(708)
calls=1000 25 
0 603580
0 1000
0 2009

fn=(508)
0 12
cob=(3)
cfi=(151)
cfn=(510)
calls=1 242 
0 6193248

fn=(612) HashTableSetHashFunction(HashTable*, unsigned long (*)(char*))
0 4

fn=(676)
0 604128

fn=(680) ListResize(List*)
0 142687
cob=(3)
cfi=(154)
cfn=(684)
calls=5137 3400 
0 1177528
0 5137
0 117356

fn=(768) 0x0000000000001300
0 5

fn=(596)
0 13
cfn=(598)
calls=1 0 
0 305573
0 3
cfn=(612)
calls=1 0 
0 4
0 3
cob=(3)
cfi=(153)
cfn=(530)
calls=1 85 
0 614
0 1
0 6
cfn=(614)
calls=1 0 
0 1460
0 3
cfn=(670) HashTableLoadTextAVX(HashTable*, char const*)
calls=1 0 
0 4237024
0 2
cfn=(696)
calls=1 0 
0 843968
0 3
cob=(3)
cfi=(153)
cfn=(530)
calls=1 85 
0 684
0 1
0 3
cfn=(704)
calls=1 0 
0 625039
0 2
cfn=(730)
calls=1 0 
0 173815
0 7

fn=(670)
0 13
cfn=(672)
calls=1 0 
0 283
0 131508
cfn=(672)
calls=32877 0 
0 4039459
0 65761

fn=(674)
0 328780
cfn=(676)
calls=32878 0 
0 460292
0 1011709

fn=(678)
0 56507
cfn=(680)
calls=5137 0 
0 1442708
0 123288

fn=(520)
0 12

fn=(752)
0 9
cob=(2)
cfi=(51)
cfn=(758)
calls=1 0 
0 73
0 1
cfn=(768)
calls=1 0 
0 5
0 3

ob=(4)
fl=(145)
fn=(490)
0 5

fn=(780)
0 11
cob=(2)
cfi=(51)
cfn=(786)
calls=1 0 
0 74
0 10
cfn=(792) 0x0000000000001070
calls=1 0 
0 5
0 5

fn=(792)
0 5

fn=(482)
0 12

totals: 6367316
